0,0.221790466308594,0.798850708007812,0.54903855919838,0.521160453557968
0.00833333333333333,0.221790466308594,0.798850708007812,0.542119443416595,0.513017147779465
0.0166666666666667,0.221790466308594,0.798850708007812,0.550928384065628,0.530573397874832
0.025,0.221790466308594,0.798850708007812,0.550090581178665,0.510769039392471
0.0333333333333333,0.221790466308594,0.798850708007812,0.55233433842659,0.5101318359375
0.0416666666666667,0.221790466308594,0.798850708007812,0.542538046836853,0.515507876873016
0.05,0.221790466308594,0.798850708007812,0.547450333833694,0.511613011360168
0.0583333333333333,0.221790466308594,0.798850708007812,NaN,NaN
0.0666666666666667,0.221790466308594,0.798850708007812,NaN,NaN
0.075,0.221790466308594,0.798850708007812,NaN,NaN
0.0833333333333333,0.221790466308594,0.798850708007812,0.514670297503471,0.525212556123734
0.0916666666666667,0.221790466308594,0.798850708007812,0.548982858657837,0.545504808425903
0.1,0.221790466308594,0.798850708007812,0.560756415128708,0.579686105251312
0.108333333333333,0.221790466308594,0.798850708007812,NaN,NaN
0.116666666666667,0.221790466308594,0.798850708007812,NaN,NaN
0.125,0.221790466308594,0.798850708007812,NaN,NaN
0.133333333333333,0.221790466308594,0.798850708007812,NaN,NaN
0.141666666666667,0.221790466308594,0.798850708007812,NaN,NaN
0.15,0.221790466308594,0.798850708007812,NaN,NaN
0.158333333333333,0.221790466308594,0.798850708007812,0.581073850393295,0.401576071977615
0.166666666666667,0.221790466308594,0.798850708007812,NaN,NaN
0.175,0.221790466308594,0.798850708007812,0.58534038066864,0.613153904676437
0.183333333333333,0.221790466308594,0.798850708007812,NaN,NaN
0.191666666666667,0.221790466308594,0.798850708007812,0.58242079615593,0.593760132789612
0.2,0.221790466308594,0.798850708007812,NaN,NaN
0.208333333333333,0.221790466308594,0.798850708007812,0.54819130897522,0.545824527740479
0.216666666666667,0.221790466308594,0.798850708007812,0.553698807954788,0.572746902704239
0.225,0.221790466308594,0.798850708007812,0.556430637836456,0.572958499193192
0.233333333333333,0.221790466308594,0.798850708007812,0.560809135437012,0.580093502998352
0.241666666666667,0.221790466308594,0.798850708007812,0.548254311084747,0.565254032611847
0.25,0.221790466308594,0.798850708007812,0.520460307598114,0.566003352403641
0.258333333333333,0.221790466308594,0.798850708007812,0.556623190641403,0.550887614488602
0.266666666666667,0.221790466308594,0.798850708007812,0.552230387926102,0.559917718172073
0.275,0.221790466308594,0.798850708007812,0.558440536260605,0.548268139362335
0.283333333333333,0.221790466308594,0.798850708007812,0.554536908864975,0.539190679788589
0.291666666666667,0.221790466308594,0.798850708007812,0.554809600114822,0.536448627710342
0.3,0.221790466308594,0.798850708007812,0.558450281620026,0.520747750997543
0.308333333333333,0.221790466308594,0.798850708007812,0.577943593263626,0.461743399500847
0.316666666666667,0.221790466308594,0.798850708007812,0.649157047271729,0.388928636908531
0.325,0.221790466308594,0.798850708007812,0.672337919473648,0.328800559043884
0.333333333333333,0.221790466308594,0.798850708007812,0.687921673059464,0.299829065799713
0.341666666666667,0.221790466308594,0.798850708007812,0.685919970273972,0.307036012411118
0.35,0.221790466308594,0.798850708007812,0.687108278274536,0.305018052458763
0.358333333333333,0.221790466308594,0.798850708007812,0.686403721570969,0.315324544906616
0.366666666666667,0.221790466308594,0.798850708007812,0.687768459320068,0.307458788156509
0.375,0.221790466308594,0.798850708007812,0.682595938444138,0.311317816376686
0.383333333333333,0.221790466308594,0.798850708007812,0.681851416826248,0.307857990264893
0.391666666666667,0.221790466308594,0.798850708007812,0.681616276502609,0.317165836691856
0.4,0.221790466308594,0.798850708007812,0.686499238014221,0.311862543225288
0.408333333333333,0.221790466308594,0.798850708007812,0.677834033966064,0.312966004014015
0.416666666666667,0.221790466308594,0.798850708007812,0.682651281356812,0.311078473925591
0.425,0.221790466308594,0.798850708007812,0.686948359012604,0.320019900798798
0.433333333333333,0.221790466308594,0.798850708007812,0.689039200544357,0.312276676297188
0.441666666666667,0.221790466308594,0.798850708007812,0.687995731830597,0.310906156897545
0.45,0.221790466308594,0.798850708007812,0.684716165065765,0.31452588737011
0.458333333333333,0.221790466308594,0.798850708007812,0.688947200775146,0.318952411413193
0.466666666666667,0.221790466308594,0.798850708007812,0.686177462339401,0.315544188022614
0.475,0.221790466308594,0.798850708007812,0.687721431255341,0.323922693729401
0.483333333333333,0.221790466308594,0.798850708007812,0.68733137845993,0.313231930136681
0.491666666666667,0.221790466308594,0.798850708007812,0.680176258087158,0.320250228047371
0.5,0.221790466308594,0.798850708007812,0.684747844934464,0.32049323618412
0.508333333333333,0.221790466308594,0.798850708007812,0.674498498439789,0.319882452487946
0.516666666666667,0.221790466308594,0.798850708007812,0.690744876861572,0.317636355757713
0.525,0.221790466308594,0.798850708007812,0.679046094417572,0.320024475455284
0.533333333333333,0.221790466308594,0.798850708007812,0.676144868135452,0.323612168431282
0.541666666666667,0.221790466308594,0.798850708007812,0.687031745910645,0.314834207296371
0.55,0.221790466308594,0.798850708007812,0.681496858596802,0.31467093527317
0.558333333333333,0.221790466308594,0.798850708007812,0.693276464939117,0.308006405830383
0.566666666666667,0.221790466308594,0.798850708007812,0.690891355276108,0.315460294485092
0.575,0.221790466308594,0.798850708007812,0.685143440961838,0.316172778606415
0.583333333333333,0.221790466308594,0.798850708007812,0.679646253585815,0.314106121659279
0.591666666666667,0.221790466308594,0.798850708007812,0.680055290460587,0.315701186656952
0.6,0.221790466308594,0.798850708007812,0.678220301866531,0.311669021844864
0.608333333333333,0.221790466308594,0.798850708007812,0.679741889238358,0.317433565855026
0.616666666666667,0.221790466308594,0.798850708007812,0.67890465259552,0.315304592251778
0.625,0.221790466308594,0.798850708007812,0.67745453119278,0.326813414692879
0.633333333333333,0.221790466308594,0.798850708007812,0.68086314201355,0.312551096081734
0.641666666666667,0.221790466308594,0.798850708007812,0.678231030702591,0.323890507221222
0.65,0.221790466308594,0.798850708007812,0.676527887582779,0.315881565213203
0.658333333333333,0.221790466308594,0.798850708007812,0.682142674922943,0.319455042481422
0.666666666666667,0.221790466308594,0.798850708007812,0.677659064531326,0.31612104177475
0.675,0.221790466308594,0.798850708007812,0.679419338703156,0.325962796807289
0.683333333333333,0.221790466308594,0.798850708007812,0.672438681125641,0.32357819378376
0.691666666666667,0.221790466308594,0.798850708007812,0.682143777608871,0.310537412762642
0.7,0.221790466308594,0.798850708007812,0.685954600572586,0.307272240519524
0.708333333333333,0.221790466308594,0.798850708007812,0.684653908014297,0.316337749361992
0.716666666666667,0.221790466308594,0.798850708007812,0.67784795165062,0.318351596593857
0.725,0.221790466308594,0.798850708007812,0.683559626340866,0.309290558099747
0.733333333333333,0.221790466308594,0.798850708007812,0.674497336149216,0.321139350533485
0.741666666666667,0.221790466308594,0.798850708007812,0.677781611680984,0.321320787072182
0.75,0.221790466308594,0.798850708007812,0.683485776185989,0.321853786706924
0.758333333333333,0.221790466308594,0.798850708007812,0.674825817346573,0.326662570238113
0.766666666666667,0.221790466308594,0.798850708007812,0.674957722425461,0.323706790804863
0.775,0.221790466308594,0.798850708007812,0.674181550741196,0.322476744651794
0.783333333333333,0.221790466308594,0.798850708007812,0.673517912626266,0.321401417255402
0.791666666666667,0.221790466308594,0.798850708007812,0.674108505249023,0.323549792170525
0.8,0.221790466308594,0.798850708007812,0.672256410121918,0.322294399142265
0.808333333333333,0.221790466308594,0.798850708007812,0.673475801944733,0.315774336457253
0.816666666666667,0.221790466308594,0.798850708007812,0.679155349731445,0.323178768157959
0.825,0.221790466308594,0.798850708007812,0.688394576311111,0.318248510360718
0.833333333333333,0.221790466308594,0.798850708007812,0.713331818580627,0.293355956673622
0.841666666666667,0.221790466308594,0.798850708007812,0.733256161212921,0.280059918761253
0.85,0.221790466308594,0.798850708007812,0.768480837345123,0.267362505197525
0.858333333333333,0.221790466308594,0.798850708007812,0.779469549655914,0.27128279954195
0.866666666666667,0.221790466308594,0.798850708007812,0.792003244161606,0.273682333528996
0.875,0.221790466308594,0.798850708007812,0.790429413318634,0.265337377786636
0.883333333333333,0.221790466308594,0.798850708007812,0.786287903785706,0.268661417067051
0.891666666666667,0.221790466308594,0.798850708007812,0.792332947254181,0.273472249507904
0.9,0.221790466308594,0.798850708007812,0.787534415721893,0.266385160386562
0.908333333333333,0.221790466308594,0.798850708007812,0.776444405317307,0.27670094370842
0.916666666666667,0.221790466308594,0.798850708007812,0.790697902441025,0.27732065320015
0.925,0.221790466308594,0.798850708007812,0.746271431446075,0.275788404047489
0.933333333333333,0.221790466308594,0.798850708007812,0.740194618701935,0.274213083088398
0.941666666666667,0.221790466308594,0.798850708007812,0.783587753772736,0.276172369718552
0.95,0.221790466308594,0.798850708007812,0.781976133584976,0.273223757743835
0.958333333333333,0.221790466308594,0.798850708007812,0.786399573087692,0.277176037430763
0.966666666666667,0.221790466308594,0.798850708007812,0.780573725700378,0.275031581521034
0.975,0.221790466308594,0.798850708007812,0.770652741193771,0.271741263568401
0.983333333333333,0.221790466308594,0.798850708007812,0.779682010412216,0.268632836639881
0.991666666666667,0.221790466308594,0.798850708007812,0.785105854272842,0.275542244315147
1,0.221790466308594,0.798850708007812,0.772684305906296,0.277484118938446
1.00833333333333,0.221790466308594,0.798850708007812,0.731672048568726,0.279209718108177
1.01666666666667,0.221790466308594,0.798850708007812,0.778034299612045,0.276792608201504
1.025,0.221790466308594,0.798850708007812,0.776541322469711,0.286115720868111
1.03333333333333,0.221790466308594,0.798850708007812,0.777300864458084,0.276310831308365
1.04166666666667,0.221790466308594,0.798850708007812,0.729451149702072,0.275557205080986
1.05,0.221790466308594,0.798850708007812,0.77828985452652,0.278087593615055
1.05833333333333,0.221790466308594,0.798850708007812,0.778940796852112,0.271007068455219
1.06666666666667,0.221790466308594,0.798850708007812,0.745262533426285,0.308742821216583
1.075,0.221790466308594,0.798850708007812,0.74001207947731,0.302881196141243
1.08333333333333,0.317855389912923,0.711680221557617,0.735571086406708,0.302077174186707
1.09166666666667,0.332535158793132,0.724186325073242,0.744219124317169,0.311801597476006
1.1,0.345556602478027,0.719956970214844,0.738069921731949,0.306231945753098
1.10833333333333,0.35621529897054,0.710874938964844,0.739447891712189,0.311992436647415
1.11666666666667,0.36471996307373,0.701307983398437,0.749614983797073,0.300988301634789
1.125,0.372791760762533,0.689239196777344,0.739034801721573,0.311143532395363
1.13333333333333,0.380150413513184,0.677567367553711,0.740569263696671,0.307640358805656
1.14166666666667,0.388374163309733,0.663358306884766,0.752281755208969,0.307942152023315
1.15,0.395953483581543,0.650034790039063,0.74822786450386,0.311621099710464
1.15833333333333,0.405012906392415,0.634983139038086,0.749677419662476,0.3052888661623
1.16666666666667,0.0610392252604167,0,0.753906428813934,0.305846467614174
1.175,0.0555330912272136,0,0.744246035814285,0.299509048461914
1.18333333333333,0.0508033243815104,0,0.746323466300964,0.299934834241867
1.19166666666667,0.0450946044921875,0,0.753270506858826,0.305900827050209
1.2,0.049056396484375,0,0.743436187505722,0.304816991090775
1.20833333333333,0.0529730733235677,0,0.740273624658585,0.3098114579916
1.21666666666667,0.0566459147135417,0,0.714291095733643,0.362427622079849
1.225,0.0549977111816407,0,0.699716448783875,0.360871836543083
1.23333333333333,0.0566432189941406,0,0.682623654603958,0.390653386712074
1.24166666666667,0.0553573099772136,0,0.690024167299271,0.377810701727867
1.25,0.0538334147135417,0,0.697838872671127,0.379156544804573
1.25833333333333,0.05601806640625,0,0.683261454105377,0.380671218037605
1.26666666666667,0.0598212178548177,0,0.685767352581024,0.382220521569252
1.275,0.0625516255696615,0,0.681073933839798,0.386561632156372
1.28333333333333,0.0639739990234375,0,0.687249749898911,0.383493229746819
1.29166666666667,0.068826904296875,0,0.68116170167923,0.374786421656609
1.3,0.0663297017415365,0,0.68716961145401,0.37955304980278
1.30833333333333,0.0665207926432292,0,0.691075265407562,0.376215532422066
1.31666666666667,0.0688763427734375,0,0.686779648065567,0.373485594987869
1.325,0.0703223164876302,0,0.685225158929825,0.376329675316811
1.33333333333333,0.0715088907877604,0,0.692994594573975,0.386869534850121
1.34166666666667,0.0721878051757813,0,0.685700714588165,0.38745029270649
1.35,0.0712195332845052,0,0.684980124235153,0.387908756732941
1.35833333333333,0.0720164998372396,0,0.680688977241516,0.391751453280449
1.36666666666667,0.0736236572265625,0,0.684648662805557,0.386710956692696
1.375,0.0743916320800782,0,0.683992683887482,0.391272157430649
1.38333333333333,0.075141855875651,0,0.657487958669662,0.382589623332024
1.39166666666667,0.0729534403483073,0,0.605686485767365,0.332228243350983
1.4,0.0725297546386719,0,0.592196881771088,0.317271947860718
1.40833333333333,0.0733395385742188,0,0.564105898141861,0.298443749547005
1.41666666666667,0.0758344014485677,0,0.559148013591766,0.299296587705612
1.425,0.0766765848795573,0,0.555435210466385,0.298666924238205
1.43333333333333,0.0775777180989584,0,0.562905341386795,0.296397864818573
1.44166666666667,0.0778572591145834,0,0.552725464105606,0.318758025765419
1.45,0.07872802734375,0,0.555731743574142,0.307813093066216
1.45833333333333,0.0797377522786458,0,0.563063234090805,0.314510494470596
1.46666666666667,0.080108896891276,0,0.553872555494308,0.308612763881683
1.475,0.0807838439941406,0,0.553096354007721,0.310827672481537
1.48333333333333,0.0820685831705729,0,0.558222740888596,0.3118956387043
1.49166666666667,0.0836344401041667,0,0.556999266147614,0.31747704744339
1.5,0.0851117451985677,0,0.552225589752197,0.302639961242676
1.50833333333333,0.085980224609375,0,0.553694993257523,0.308123528957367
1.51666666666667,0.0870306396484375,0,0.548826724290848,0.306636944413185
1.525,0.0884861755371094,0,0.548769980669022,0.305721208453178
1.53333333333333,0.0892491149902344,0,0.554970413446426,0.315263241529465
1.54166666666667,0.0908323160807292,0,0.551605641841888,0.307488366961479
1.55,0.0912640889485677,0,0.563181519508362,0.314931765198708
1.55833333333333,0.0921245320638021,0,0.554373800754547,0.310297265648842
1.56666666666667,0.0928654479980469,0,0.562549740076065,0.304614037275314
1.575,0.0928654479980469,0,0.559461176395416,0.301459327340126
1.58333333333333,0.093270009358724,0,0.523953452706337,0.318004593253136
1.59166666666667,0.0951268005371094,0,0.562601715326309,0.303026974201202
1.6,0.09645263671875,0,0.55224734544754,0.312941566109657
1.60833333333333,0.0968534851074219,0,0.570955723524094,0.295659840106964
1.61666666666667,0.0991502888997396,0,0.521953150629997,0.304776087403297
1.625,0.101516876220703,0,0.535376667976379,0.305810868740082
1.63333333333333,0.102721659342448,0,0.498627156019211,0.310460478067398
1.64166666666667,0.102882843017578,0,0.471113130450249,0.307078883051872
1.65,0.103459065755208,0,0.440119817852974,0.306065604090691
1.65833333333333,0.10346934000651,0,0.439132168889046,0.308155223727226
1.66666666666667,0.103991038004557,0,0.445861011743546,0.295991435647011
1.675,0.105183970133464,0,0.437545508146286,0.294975385069847
1.68333333333333,0.105681813557943,0,0.43996599316597,0.300286069512367
1.69166666666667,0.107133433024089,0,0.443828448653221,0.301146626472473
1.7,0.108177235921224,0,0.439708516001701,0.299300715327263
1.70833333333333,0.109002482096354,0,0.437390387058258,0.300681978464127
1.71666666666667,0.109075622558594,0,0.448307380080223,0.307301908731461
1.725,0.107838389078776,0,0.44269460439682,0.299479708075523
1.73333333333333,0.106915588378906,0,0.443609297275543,0.298886388540268
1.74166666666667,0.106723836263021,0.00329406738281246,0.446885883808136,0.299957990646362
1.75,0.107453053792318,0.0152467346191406,0.438598543405533,0.305817946791649
1.75833333333333,0.107453053792318,0.0152467346191406,0.441081121563911,0.291121944785118
1.76666666666667,0.110111694335937,0.0181253051757813,0.440789610147476,0.316325038671494
1.775,0.112377726236979,0.0214405822753906,0.447279125452042,0.308204516768456
1.78333333333333,0.117967631022135,0.0243734741210937,0.441112503409386,0.302301838994026
1.79166666666667,0.119661153157552,0.0289974975585937,0.435487031936646,0.296760320663452
1.8,0.119661153157552,0.0289974975585937,0.446015283465385,0.309273615479469
1.80833333333333,0.120669352213542,0.0345988464355469,0.443805649876595,0.300198122859001
1.81666666666667,0.120818176269531,0.0404042053222656,0.438447967171669,0.309589505195618
1.825,0.121203308105469,0.046484375,0.4299376308918,0.310436859726906
1.83333333333333,0.12207041422526,0.0484700012207031,0.40116660296917,0.316910177469254
1.84166666666667,0.122882436116536,0.0515234375,0.408859416842461,0.304545015096664
1.85,0.123318227132161,0.054879150390625,0.415424466133118,0.303879529237747
1.85833333333333,0.12446039835612,0.0551823425292969,0.416496321558952,0.322910740971565
1.86666666666667,0.125587768554688,0.05521484375,0.412878260016441,0.320403024554253
1.875,0.126902313232422,0.0538758850097656,0.40865421295166,0.322093546390533
1.88333333333333,0.126976267496745,0.0594718933105469,0.41364398598671,0.317777037620544
1.89166666666667,0.127593231201172,0.0625363159179687,0.409712731838226,0.318879023194313
1.9,0.134812571207682,0.0320050048828125,0.415334045886993,0.316992357373238
1.90833333333333,0.128900553385417,0.0181838989257812,0.412637621164322,0.310782745480537
1.91666666666667,0.126332550048828,0.0109638977050781,0.409873053431511,0.302067443728447
1.925,0.124858042399089,0.00620132446289068,0.411808595061302,0.305523052811623
1.93333333333333,0.124190622965495,0.00217559814453128,0.411335483193398,0.318060830235481
1.94166666666667,0.124654032389323,0,0.412644430994987,0.317818343639374
1.95,0.125693206787109,0,0.406185299158096,0.30459763109684
1.95833333333333,0.127443339029948,0,0.413741335272789,0.319552883505821
1.96666666666667,0.128292439778646,0,0.41132165491581,0.315610200166702
1.975,0.129070332845052,0,0.412514880299568,0.305216133594513
1.98333333333333,0.130725250244141,0,0.41083936393261,0.318362534046173
1.99166666666667,0.132052815755208,0,0.41493733227253,0.309280782938004
2,0.133365580240885,0,0.416411623358727,0.305806383490562
2.00833333333333,0.134366302490234,0,0.410638511180878,0.317924916744232
2.01666666666667,0.136028137207031,0,0.422417849302292,0.309550255537033
2.025,0.137855733235677,0,0.478080540895462,0.303278118371964
2.03333333333333,0.139902038574219,0,0.54498279094696,0.291551381349564
2.04166666666667,0.142109527587891,0,0.578982502222061,0.285386770963669
2.05,0.143967641194661,0,0.600650399923325,0.279085405170918
2.05833333333333,0.145916086832682,0,0.582713544368744,0.305831268429756
2.06666666666667,0.14765635172526,0,0.584397614002228,0.300032109022141
2.075,0.148814646402995,0,0.592103451490402,0.29411818087101
2.08333333333333,0.149473571777344,0,0.595222264528275,0.297471806406975
2.09166666666667,0.150283660888672,0,0.584037601947784,0.307204410433769
2.1,0.151072133382161,0,0.588075935840607,0.288787201046944
2.10833333333333,0.151922200520833,0,0.590553492307663,0.295097291469574
2.11666666666667,0.152640177408854,0,0.600804954767227,0.291833013296127
2.125,0.153456319173177,0,0.592185318470001,0.305790260434151
2.13333333333333,0.154215240478516,0,0.58964541554451,0.286888211965561
2.14166666666667,0.15488276163737,0,0.597106128931046,0.282906331121922
2.15,0.155256958007812,0,0.589010536670685,0.30300435423851
2.15833333333333,0.155447133382161,0,0.589889109134674,0.291301004588604
2.16666666666667,0.155436859130859,0,0.596460044384003,0.299360141158104
2.175,0.155544026692708,0,0.587647616863251,0.29939216375351
2.18333333333333,0.155882161458333,0,0.589264243841171,0.294741824269295
2.19166666666667,0.155890604654948,0,0.594066590070724,0.28801141679287
2.2,0.155790863037109,0,0.598964780569077,0.298248887062073
2.20833333333333,0.155635782877604,0,0.592346251010895,0.298586830496788
2.21666666666667,0.155538024902344,0,0.59119501709938,0.290142387151718
2.225,0.155246225992839,0,0.590851306915283,0.302745699882507
2.23333333333333,0.154949239095052,0,0.60108745098114,0.28566125780344
2.24166666666667,0.15494150797526,0,0.601388782262802,0.286929413676262
2.25,0.155042317708333,0,0.587838798761368,0.285366892814636
2.25833333333333,0.155039520263672,0,0.599118083715439,0.277269147336483
2.26666666666667,0.154794057210286,0,0.594102531671524,0.285645313560963
2.275,0.154609171549479,0,0.590252488851547,0.285828106105328
2.28333333333333,0.161764831542969,0,0.59062072634697,0.290563762187958
2.29166666666667,0.167226715087891,0,0.601846635341644,0.29505355656147
2.3,0.167744598388672,0.0117491149902343,0.600194960832596,0.282267317175865
2.30833333333333,0.16837148030599,0.0223295593261719,0.596278071403503,0.281327150762081
2.31666666666667,0.166786855061849,0.0343022155761719,0.588700830936432,0.281789891421795
2.325,0.166108245849609,0.0409681701660156,0.590759336948395,0.285729631781578
2.33333333333333,0.164768829345703,0.0439338684082031,0.606660544872284,0.288563042879105
2.34166666666667,0.162811381022135,0.0503425598144531,0.5913465321064,0.290610805153847
2.35,0.160869496663411,0.053419189453125,0.594654649496078,0.281204357743263
2.35833333333333,0.159590403238932,0.0550047302246094,0.612445890903473,0.292237766087055
2.36666666666667,0.158556569417318,0.0573013305664063,0.592197924852371,0.288557358086109
2.375,0.157992604573568,0.0589897155761718,0.5916388630867,0.290273413062096
2.38333333333333,0.156567077636719,0.0636271667480469,0.603630244731903,0.304034233093262
2.39166666666667,0.156079610188802,0.0643649291992188,0.594242453575134,0.290598973631859
2.4,0.15459223429362,0.0672123718261719,0.605492025613785,0.282759934663773
2.40833333333333,0.15341547648112,0.0720860290527344,0.589965581893921,0.283308416604996
2.41666666666667,0.152611846923828,0.0739373779296875,0.597932904958725,0.291955552995205
2.425,0.152483215332031,0.0742080688476563,0.594371169805527,0.286587961018085
2.43333333333333,0.152156016031901,0.0751802062988282,0.598881036043167,0.280520156025887
2.44166666666667,0.152013041178385,0.0780299377441406,0.594191819429398,0.288336262106895
2.45,0.151892801920573,0.0817752075195313,0.596692144870758,0.29815685749054
2.45833333333333,0.152880096435547,0.0811187744140625,0.596046060323715,0.293305069208145
2.46666666666667,0.153972015380859,0.0817404174804688,0.589858949184418,0.287318572402
2.475,0.155359700520833,0.0794407653808594,0.597580462694168,0.280849136412144
2.48333333333333,0.156157633463542,0.0788105773925781,0.592650651931763,0.284124590456486
2.49166666666667,0.155047047932943,0.0805735778808594,0.591529756784439,0.282325625419617
2.5,0.153181610107422,0.0845512390136719,0.593624204397202,0.276708640158176
2.50833333333333,0.151504872639974,0.0894110107421875,0.584816068410873,0.277480162680149
2.51666666666667,0.150961201985677,0.0899197387695313,0.598344445228577,0.280352473258972
2.525,0.148885752360026,0.0933427429199218,0.616598576307297,0.305976569652557
2.53333333333333,0.146775563557943,0.0990475463867188,0.658180922269821,0.318201452493668
2.54166666666667,0.145594329833984,0.102964324951172,0.681986331939697,0.334926873445511
2.55,0.144442952473958,0.106237182617188,0.703369289636612,0.344296678900719
2.55833333333333,0.144131062825521,0.107736358642578,0.695536255836487,0.354274421930313
2.56666666666667,0.14461680094401,0.106219482421875,0.696783542633057,0.342459753155708
2.575,0.144733683268229,0.104376220703125,0.697191089391708,0.347949579358101
2.58333333333333,0.144356689453125,0.103829803466797,0.693979203701019,0.345367893576622
2.59166666666667,0.143460744222005,0.107017517089844,0.693367898464203,0.348673895001411
2.6,0.14326649983724,0.106353912353516,0.688437938690186,0.356318309903145
2.60833333333333,0.142544962565104,0.106602478027344,0.70294052362442,0.354577779769897
2.61666666666667,0.14312754313151,0.10673583984375,0.706351518630981,0.358879521489143
2.625,0.144048004150391,0.105448608398438,0.691101461648941,0.361301749944687
2.63333333333333,0.145552419026693,0.101407318115234,0.697504222393036,0.353895515203476
2.64166666666667,0.146262664794922,0.0972154235839844,0.702993005514145,0.359669253230095
2.65,0.147698364257813,0.0918243408203125,0.7157301902771,0.367935135960579
2.65833333333333,0.148089650472005,0.0909634399414062,0.690946727991104,0.360608279705048
2.66666666666667,0.148257649739583,0.0888865661621093,0.690787672996521,0.350180849432945
2.675,0.149718729654948,0.0872827148437501,0.705984324216843,0.360227391123772
2.68333333333333,0.149718729654948,0.0872827148437501,0.697552353143692,0.352103561162949
2.69166666666667,0.149698232014974,0.0877345275878906,0.667613506317139,0.355040714144707
2.7,0.149317779541016,0.0879704284667969,0.714321494102478,0.367916211485863
2.70833333333333,0.149477996826172,0.0884323120117188,0.714718610048294,0.384698465466499
2.71666666666667,0.150063934326172,0.088626708984375,0.71983477473259,0.400659710168839
2.725,0.150301462809245,0.0873823547363282,0.679615348577499,0.386105626821518
2.73333333333333,0.150399475097656,0.0871684265136718,0.67799973487854,0.384424671530724
2.74166666666667,0.151562093098958,0.0835015869140625,0.72276371717453,0.376417651772499
2.75,0.151416015625,0.0841539001464844,0.714442551136017,0.399768367409706
2.75833333333333,0.151766510009766,0.083330078125,0.714365035295486,0.389136627316475
2.76666666666667,0.151634368896484,0.0824244689941406,0.718190521001816,0.3930783867836
2.775,0.150188903808594,0.0857362365722656,0.705510318279266,0.385483577847481
2.78333333333333,0.149139302571615,0.0867204284667968,0.717926114797592,0.395238608121872
2.79166666666667,0.149212290445964,0.0882594299316406,0.70936045050621,0.399874120950699
2.8,0.14843027750651,0.0915428161621094,0.675945341587067,0.400112345814705
2.80833333333333,0.148908030192057,0.0938139343261719,0.709988534450531,0.399597138166428
2.81666666666667,0.148671620686849,0.0963706970214844,0.717968970537186,0.403852924704552
2.825,0.14928476969401,0.0964097595214843,0.718964785337448,0.383797913789749
2.83333333333333,0.148303731282552,0.0994557189941406,0.705965876579285,0.399716719985008
2.84166666666667,0.147503814697266,0.10074951171875,0.712147295475006,0.398914992809296
2.85,0.147533721923828,0.10193603515625,0.716033399105072,0.383876949548721
2.85833333333333,0.147238922119141,0.0608450317382813,0.716041773557663,0.374902039766312
2.86666666666667,0.154262491861979,0.0254304504394531,0.722665399312973,0.3869449198246
2.875,0.160202433268229,0.00186508178710942,0.6692174077034,0.326552271842957
2.88333333333333,0.168192189534505,0.0244194030761719,0.695724695920944,0.295236617326736
2.89166666666667,0.166408487955729,0.0442915344238282,0.704792946577072,0.267636202275753
2.9,0.164760589599609,0.0580586242675781,0.704344063997269,0.286373227834702
2.90833333333333,0.164284515380859,0.0633049011230469,0.695275515317917,0.28706981241703
2.91666666666667,0.162931315104167,0.0674063110351563,0.690765112638474,0.290003880858421
2.925,0.162883961995443,0.0695893859863281,0.6938756108284,0.295569196343422
2.93333333333333,0.162778879801432,0.0712911987304687,0.689827531576157,0.283044092357159
2.94166666666667,0.162783355712891,0.0741775512695313,0.700935065746307,0.283624306321144
2.95,0.162783355712891,0.0741775512695313,0.693004757165909,0.284044623374939
2.95833333333333,0.15830073038737,0.08822265625,0.696564227342606,0.28703236579895
2.96666666666667,0.156837768554688,0.0928825378417969,0.685632288455963,0.284931600093842
2.975,0.156837768554688,0.0928825378417969,0.692404061555862,0.280913025140762
2.98333333333333,0.155608113606771,0.0943305969238282,0.689289689064026,0.276954427361488
2.99166666666667,0.15598154703776,0.0925769042968751,0.691438645124435,0.285648666322231
3,0.15598154703776,0.0925769042968751,0.690569221973419,0.278652623295784
3.00833333333333,0.156193237304687,0.0920841979980469,0.691434174776077,0.281350947916508
3.01666666666667,0.156990915934245,0.0904168701171875,0.683489948511124,0.286338657140732
3.025,0.154767710367839,0.0951887512207031,0.680698722600937,0.289381414651871
3.03333333333333,0.155042165120443,0.0954808044433594,0.691406279802322,0.28335977345705
3.04166666666667,0.154719543457031,0.0972640991210938,0.684820026159286,0.282920129597187
3.05,0.155851084391276,0.0961065673828125,0.688001662492752,0.281908586621284
3.05833333333333,0.156714630126953,0.0962048339843749,0.73617559671402,0.273159243166447
3.06666666666667,0.156831868489583,0.0984426879882813,0.759371131658554,0.270432159304619
3.075,0.156399434407552,0.101592559814453,0.772322177886963,0.264200083911419
3.08333333333333,0.15623540242513,0.102314758300781,0.777468413114548,0.270957127213478
3.09166666666667,0.156467793782552,0.102537536621094,0.7678003013134,0.2748893648386
3.1,0.15680653889974,0.102776031494141,0.765680730342865,0.280945084989071
3.10833333333333,0.157615865071615,0.101995239257813,0.765535861253738,0.279226429760456
3.11666666666667,0.158122914632161,0.102628021240234,0.763544917106628,0.283578045666218
3.125,0.158499247233073,0.102723388671875,0.767603844404221,0.28005426377058
3.13333333333333,0.159009552001953,0.0995289611816407,0.767268091440201,0.276121936738491
3.14166666666667,0.159984181722005,0.0985749816894531,0.76390740275383,0.280216954648495
3.15,0.159926452636719,0.100580749511719,0.76648798584938,0.278665401041508
3.15833333333333,0.161283111572266,0.100899963378906,0.770616799592972,0.278508894145489
3.16666666666667,0.162096048990885,0.101488037109375,0.766320794820786,0.282739214599133
3.175,0.162883758544922,0.100809783935547,0.768856048583984,0.27309013903141
3.18333333333333,0.163279876708984,0.101610565185547,0.760581761598587,0.280976727604866
3.19166666666667,0.164013366699219,0.101259765625,0.763041287660599,0.284041836857796
3.2,0.164013366699219,0.101259765625,0.769244372844696,0.278838098049164
3.20833333333333,0.164984588623047,0.101131134033203,0.76914569735527,0.28300279378891
3.21666666666667,0.165183664957682,0.102065734863281,0.760729938745499,0.2879753485322
3.225,0.167452596028646,0.0995072937011718,0.760967552661896,0.279157996177673
3.23333333333333,0.168039398193359,0.0987026977539063,0.768012434244156,0.281970635056496
3.24166666666667,0.170651143391927,0.0939730834960938,0.760708391666412,0.282389178872108
3.25,0.171224619547526,0.0949163818359375,0.76549232006073,0.279520854353905
3.25833333333333,0.172247060139974,0.0946160888671875,0.765853464603424,0.276841454207897
3.26666666666667,0.17249506632487,0.0952850341796875,0.760018050670624,0.283755764365196
3.275,0.171777496337891,0.0980079650878907,0.760863304138184,0.263022810220718
3.28333333333333,0.171348368326823,0.101664123535156,0.758285254240036,0.286363400518894
3.29166666666667,0.170728302001953,0.102965240478516,0.763360142707825,0.283385716378689
3.3,0.170776774088542,0.104385223388672,0.757053643465042,0.283929623663425
3.30833333333333,0.169898325602214,0.1077880859375,0.759237438440323,0.280475072562695
3.31666666666667,0.17033686319987,0.107370452880859,0.769751936197281,0.276033744215965
3.325,0.170997416178385,0.106515655517578,0.740355670452118,0.330235257744789
3.33333333333333,0.171490987141927,0.105860748291016,0.705507040023804,0.382715448737144
3.34166666666667,0.172720031738281,0.103143615722656,0.685597777366638,0.398263171315193
3.35,0.174522552490234,0.0995806884765626,0.692395776510239,0.420656159520149
3.35833333333333,0.177348785400391,0.0890966796875,0.691760420799255,0.420241311192513
3.36666666666667,0.181296030680339,0.0753321838378906,0.692565530538559,0.413624435663223
3.375,0.184735972086589,0.0618046569824219,0.693737417459488,0.411989808082581
3.38333333333333,0.186839090983073,0.0539640808105468,0.691488474607468,0.412830919027328
3.39166666666667,0.188101348876953,0.0427418518066406,0.693068116903305,0.40926119685173
3.4,0.189334767659505,0.0341737365722656,0.690704822540283,0.416824102401733
3.40833333333333,0.191156412760417,0.0286567687988282,0.697419822216034,0.41875547170639
3.41666666666667,0.192518615722656,0.0212921142578125,0.690271079540253,0.416093870997429
3.425,0.193703409830729,0.0130158996582032,0.68578428030014,0.420762449502945
3.43333333333333,0.194093831380208,0.00666412353515622,0.690356969833374,0.410254523158073
3.44166666666667,0.194093831380208,0.00666412353515622,0.689336001873016,0.409976050257683
3.45,0.195921936035156,0.00027282714843746,0.69986566901207,0.41933836042881
3.45833333333333,0.196648305257161,0,0.682506442070007,0.421884194016457
3.46666666666667,0.198151346842448,0,0.690881609916687,0.410360634326935
3.475,0.200852406819661,0,0.698897361755371,0.401025578379631
3.48333333333333,0.201544748942057,0,0.702033698558807,0.410178124904633
3.49166666666667,0.196549987792969,0,0.681100368499756,0.409086123108864
3.5,0.192315470377604,0,0.685219049453735,0.410640239715576
3.50833333333333,0.189057108561198,0,0.629535496234894,0.397230297327042
3.51666666666667,0.187834218343099,0,0.558434247970581,0.351373970508575
3.525,0.187582855224609,0,0.503117188811302,0.307812824845314
3.53333333333333,0.186703592936198,0,0.447329580783844,0.265558317303658
3.54166666666667,0.186345011393229,0,0.404754981398582,0.271653324365616
3.55,0.186446329752604,0,0.384430482983589,0.269883409142494
3.55833333333333,0.186808115641276,0,0.366419017314911,0.298441872000694
3.56666666666667,0.187000122070313,0,0.381217643618584,0.292949393391609
3.575,0.187295786539714,0,0.378830894827843,0.300363063812256
3.58333333333333,0.187557067871094,0,0.373197674751282,0.291876494884491
3.59166666666667,0.187838541666667,0,0.383103296160698,0.287880018353462
3.6,0.188163553873698,0,0.378671169281006,0.292982012033463
3.60833333333333,0.188242746988932,0,0.386216148734093,0.29155445098877
3.61666666666667,0.188407897949219,0,0.381768852472305,0.290367782115936
3.625,0.188407897949219,0,0.383005693554878,0.289688482880592
3.63333333333333,0.188572235107422,0,0.37498351931572,0.300290405750275
3.64166666666667,0.188913981119792,0,0.375099152326584,0.29998567700386
3.65,0.188929290771484,0,0.380024582147598,0.297299325466156
3.65833333333333,0.188916778564453,0,0.372018799185753,0.299467757344246
3.66666666666667,0.188741048177083,0,0.379258379340172,0.295625358819962
3.675,0.188752237955729,0,0.379013359546661,0.297154799103737
3.68333333333333,0.188567148844401,0,0.376321628689766,0.293072283267975
3.69166666666667,0.188295694986979,0,0.376297757029533,0.288051053881645
3.7,0.188051045735677,0,0.379753440618515,0.307023093104362
3.70833333333333,0.187720743815104,0,0.370093539357185,0.303654864430428
3.71666666666667,0.187356109619141,0,0.380551934242249,0.292104721069336
3.725,0.186993509928385,0,0.407146319746971,0.291454702615738
3.73333333333333,0.186353047688802,0,0.415868774056435,0.291377767920494
3.74166666666667,0.185208638509115,0,0.421362265944481,0.282278954982758
3.75,0.184605305989583,0,0.412162989377975,0.296447440981865
3.75833333333333,0.183802693684896,0,0.413061022758484,0.286976888775826
3.76666666666667,0.183164571126302,0,0.408395320177078,0.292804762721062
3.775,0.182632598876953,0,0.404764413833618,0.299270913004875
3.78333333333333,0.181529286702474,0,0.409690022468567,0.297131836414337
3.79166666666667,0.179843902587891,0,0.405158132314682,0.29710553586483
3.8,0.179117685953776,0,0.3974769115448,0.302106827497482
3.80833333333333,0.178310343424479,0,0.403288155794144,0.289704501628876
3.81666666666667,0.177957051595052,0,0.407369568943977,0.301832854747772
3.825,0.177704874674479,0,0.410407230257988,0.296123936772346
3.83333333333333,0.177382456461589,0,0.407083779573441,0.300381869077682
3.84166666666667,0.17680409749349,0,0.407368540763855,0.304893240332603
3.85,0.176040242513021,0,0.412538841366768,0.295387282967567
3.85833333333333,0.175763804117839,0,0.401227459311485,0.29255798459053
3.86666666666667,0.177619323730469,0,0.410608366131783,0.301112249493599
3.875,0.182632497151693,0,0.409416198730469,0.293777912855148
3.88333333333333,0.181756693522135,0.0116658020019531,0.397744700312614,0.302418410778046
3.89166666666667,0.181468607584635,0.0204405212402343,0.411785408854485,0.304146006703377
3.9,0.179748942057292,0.029078369140625,0.402411863207817,0.287184238433838
3.90833333333333,0.175999298095703,0.0380636596679688,0.406052991747856,0.293886944651604
3.91666666666667,0.176763000488281,0.0434489440917969,0.40923647582531,0.300420522689819
3.925,0.176179555257161,0.0493493652343751,0.410355538129807,0.290841400623322
3.93333333333333,0.174298604329427,0.0540736389160156,0.406220704317093,0.295380100607872
3.94166666666667,0.173718821207682,0.0574012756347656,0.437835425138474,0.289460629224777
3.95,0.173479868570964,0.0576931762695313,0.516060620546341,0.276404917240143
3.95833333333333,0.173719736735026,0.0582504272460938,0.57640329003334,0.269904315471649
3.96666666666667,0.174206390380859,0.0589505004882812,0.619827598333359,0.278785273432732
3.975,0.175169982910156,0.0600582885742188,0.642818570137024,0.288107007741928
3.98333333333333,0.177068939208984,0.0590824890136719,0.637385666370392,0.275650680065155
3.99166666666667,0.179124399820964,0.0572013854980469,0.632264405488968,0.282927647233009
4,0.181367034912109,0.0499159240722656,0.634557247161865,0.276839099824429
4.00833333333333,0.184636637369792,0.041546630859375,0.630270689725876,0.284341529011726
4.01666666666667,0.542883650461833,0.4476220703125,0.627026408910751,0.279625058174133
4.025,0.539442774454753,0.446020660400391,0.632352232933044,0.286998435854912
4.03333333333333,0.53538475672404,0.445924835205078,0.623429387807846,0.28078892827034
4.04166666666667,0.530811176300049,0.446457748413086,0.624839395284653,0.289588108658791
4.05,0.525461368560791,0.447805404663086,0.628000855445862,0.278750754892826
4.05833333333333,0.520101680755615,0.449290084838867,0.629862397909164,0.277380295097828
4.06666666666667,0.515394115447998,0.450019378662109,0.634622871875763,0.291672497987747
4.075,0.510308977762858,0.450853042602539,0.638607144355774,0.284004881978035
4.08333333333333,0.505084451039632,0.451999435424805,0.63750034570694,0.284818157553673
4.09166666666667,0.500963986714681,0.452763824462891,0.640383929014206,0.273737624287605
4.1,0.497655207316081,0.453452224731445,0.644923359155655,0.268435679376125
4.10833333333333,0.49561222076416,0.454792327880859,0.64152854681015,0.28885093331337
4.11666666666667,0.494119923909505,0.456351547241211,0.646256059408188,0.288556218147278
4.125,0.493264986673991,0.458069763183594,0.641541630029678,0.279495745897293
4.13333333333333,0.493003005981445,0.458563842773438,0.639357060194016,0.279648214578629
4.14166666666667,0.49334467569987,0.458731155395508,0.648790121078491,0.28932224214077
4.15,0.494384892781576,0.457960052490234,0.644378751516342,0.283022210001945
4.15833333333333,0.496289800008138,0.457228622436523,0.639281183481216,0.283334143459797
4.16666666666667,0.498204536437988,0.456788787841797,0.634398341178894,0.2933139950037
4.175,0.500789947509766,0.456220321655273,0.639812976121902,0.291192233562469
4.18333333333333,0.503581447601318,0.456110000610352,0.635429531335831,0.285655200481415
4.19166666666667,0.507314306894938,0.456743087768555,0.641158103942871,0.282944709062576
4.2,0.511734619140625,0.457167587280273,0.632369965314865,0.294560894370079
4.20833333333333,0.51657787322998,0.458009490966797,0.639194279909134,0.282665073871613
4.21666666666667,0.521568787892659,0.458660125732422,0.640739232301712,0.281561672687531
4.225,0.526538384755452,0.458538970947266,0.64223438501358,0.289768606424332
4.23333333333333,0.531486759185791,0.458651885986328,0.620202749967575,0.341340556740761
4.24166666666667,0.536245237986247,0.458396530151367,0.564408183097839,0.431362375617027
4.25,0.541582457224528,0.458798980712891,0.540648430585861,0.460538730025291
4.25833333333333,0.546789436340332,0.459754333496094,0.53661036491394,0.491925999522209
4.26666666666667,0.552876269022624,0.46112922668457,0.539147645235062,0.491591230034828
4.275,0.559362443288167,0.461802597045898,0.530409097671509,0.478006735444069
4.28333333333333,0.565561529795329,0.462469482421875,0.542378485202789,0.488834470510483
4.29166666666667,0.571602090199788,0.463273239135742,0.534979283809662,0.488241836428642
4.3,0.577556266784668,0.464388427734375,0.535938739776611,0.481148198246956
4.30833333333333,0.583264045715332,0.465542907714844,0.531003892421722,0.484083130955696
4.31666666666667,0.588206246693929,0.468045120239258,0.532825887203217,0.483596175909042
4.325,0.592952829996745,0.469784698486328,0.53016009926796,0.490696296095848
4.33333333333333,0.597352002461751,0.471806030273437,0.526163816452026,0.490816876292229
4.34166666666667,0.602101662953695,0.473829345703125,0.534208834171295,0.485375285148621
4.35,0.607068430582682,0.47578857421875,0.523933947086334,0.490223735570908
4.35833333333333,0.612185567220052,0.477371292114258,0.529658436775208,0.495690211653709
4.36666666666667,0.616918792724609,0.478357543945312,0.531997591257095,0.491925179958344
4.375,0.621561635335286,0.479455032348633,0.531322479248047,0.491653487086296
4.38333333333333,0.625427474975586,0.481098175048828,0.523505568504333,0.491657808423042
4.39166666666667,0.629109700520833,0.481894683837891,0.530420958995819,0.49679309129715
4.4,0.632063102722168,0.482829513549805,0.524240553379059,0.494302004575729
4.40833333333333,0.634977531433105,0.483452682495117,0.533970206975937,0.486104175448418
4.41666666666667,0.637351620992025,0.483896331787109,0.534855335950851,0.485617995262146
4.425,0.639560750325521,0.483710174560547,0.53324767947197,0.486370235681534
4.43333333333333,0.640832010904948,0.4847265625,0.528936624526978,0.489061266183853
4.44166666666667,0.642330881754557,0.483995132446289,0.533984005451202,0.481447368860245
4.45,0.644043413798014,0.482392578125,0.558934271335602,0.478662580251694
4.45833333333333,0.646484527587891,0.480252151489258,0.612779229879379,0.397808611392975
4.46666666666667,0.648712336222331,0.478726119995117,0.639588594436646,0.351154044270515
4.475,0.65058422088623,0.476985473632813,0.670875489711761,0.317001149058342
4.48333333333333,0.65212210337321,0.474508895874023,0.689630806446075,0.29191917181015
4.49166666666667,0.653590545654297,0.471093902587891,0.686008334159851,0.28544969111681
4.5,0.654663289388021,0.467771530151367,0.688213676214218,0.299972638487816
4.50833333333333,0.655478388468425,0.464287796020508,0.683683574199677,0.304985716938972
4.51666666666667,0.655859298706055,0.45991828918457,0.679157018661499,0.30052438378334
4.525,0.655849774678548,0.455502777099609,0.684480905532837,0.296709045767784
4.53333333333333,0.655986925760905,0.450160980224609,0.688732802867889,0.310034081339836
4.54166666666667,0.655840301513672,0.445598526000977,0.683392763137817,0.306370377540588
4.55,0.655379854838053,0.439958877563477,0.679895728826523,0.297547116875648
4.55833333333333,0.654991785685221,0.433461380004883,0.682316601276398,0.310997366905212
4.56666666666667,0.654668782552083,0.426469650268555,0.681273818016052,0.312994346022606
4.575,0.654465573628743,0.418977127075195,0.687587648630142,0.306508928537369
4.58333333333333,0.654266204833984,0.4106787109375,0.68734022974968,0.296216428279877
4.59166666666667,0.653922398885091,0.40322998046875,0.683753460645676,0.306700929999352
4.6,0.653554611206055,0.394473114013672,0.696822464466095,0.302186578512192
4.60833333333333,0.65304328918457,0.386310195922852,0.689588338136673,0.313315704464912
4.61666666666667,0.652993456522624,0.37828239440918,0.690491557121277,0.312604129314423
4.625,0.652645708719889,0.36963134765625,0.689543843269348,0.297520250082016
4.63333333333333,0.651805381774902,0.360261077880859,0.685913860797882,0.311113685369492
4.64166666666667,0.650999018351237,0.352088775634766,0.688055515289307,0.307867407798767
4.65,0.650999018351237,0.352088775634766,0.68399041891098,0.301075309514999
4.65833333333333,0.650091921488444,0.341698150634766,0.684818029403687,0.309541702270508
4.66666666666667,0.649723091125488,0.331564407348633,0.691707402467728,0.303427055478096
4.675,0.649416300455729,0.320005340576172,0.683639019727707,0.308487847447395
4.68333333333333,0.649246546427409,0.309950256347656,0.695702940225601,0.300104662775993
4.69166666666667,0.649398078918457,0.300499496459961,0.677959382534027,0.308978080749512
4.7,0.649854685465495,0.292089233398438,0.688991218805313,0.297691658139229
4.70833333333333,0.650133412679036,0.282565231323242,0.68948557972908,0.300259456038475
4.71666666666667,0.650864105224609,0.26363525390625,0.684371888637543,0.30366887152195
4.725,0.65103936513265,0.254159622192383,0.687277913093567,0.308095321059227
4.73333333333333,0.651605186462402,0.243436050415039,NaN,NaN
4.74166666666667,0.651840591430664,0.234681091308594,0.689662426710129,0.309996336698532
4.75,0.651840591430664,0.234681091308594,0.688633292913437,0.309115588665009
4.75833333333333,0.65158696492513,0.218377227783203,0.689122229814529,0.310154318809509
4.76666666666667,0.65158696492513,0.218377227783203,0.685725033283234,0.31257826089859
4.775,0.651635004679362,0.209978485107422,0.676084876060486,0.311313763260841
4.78333333333333,0.651764602661133,0.201916198730469,0.685823202133179,0.307392284274101
4.79166666666667,0.651937421162923,0.194258575439453,0.683467715978622,0.310434088110924
4.8,0.652307586669922,0.185118865966797,0.693902373313904,0.302717536687851
4.80833333333333,0.652647221883138,0.177843017578125,0.685778170824051,0.312809735536575
4.81666666666667,0.652985534667969,0.169775390625,0.684404939413071,0.30460125207901
4.825,0.653546600341797,0.162420654296875,0.682800590991974,0.310167342424393
4.83333333333333,0.654279505411784,0.155997619628906,0.683310300111771,0.310522422194481
4.84166666666667,0.6549755859375,0.151373748779297,0.692328244447708,0.311017975211143
4.85,0.655420049031576,0.14681396484375,0.685070008039474,0.309063389897346
4.85833333333333,0.655976053873698,0.142679901123047,0.681168347597122,0.296777456998825
4.86666666666667,0.656565157572428,0.138742523193359,0.683640092611313,0.299166917800903
4.875,0.657071240743001,0.134839477539062,0.68816676735878,0.309105113148689
4.88333333333333,0.657768834431966,0.131471252441406,0.685190200805664,0.30269430577755
4.89166666666667,0.658763198852539,0.128675231933594,0.679540812969208,0.303184762597084
4.9,0.659564641316732,0.126030578613281,0.68546399474144,0.29941713809967
4.90833333333333,0.660391133626302,0.124236907958984,0.68365091085434,0.299364000558853
4.91666666666667,0.660746383666992,0.122082977294922,0.679619610309601,0.312751054763794
4.925,0.661079889933268,0.119790344238281,0.683796375989914,0.306804478168488
4.93333333333333,0.661479301452637,0.118303680419922,0.68553900718689,0.300099283456802
4.94166666666667,0.661880811055501,0.118017730712891,0.69722455739975,0.30629950761795
4.95,0.662290369669596,0.117801055908203,0.692685812711716,0.296701207756996
4.95833333333333,0.662701263427734,0.118315277099609,0.687372237443924,0.309187069535255
4.96666666666667,0.663021367390951,0.119279632568359,0.683523058891296,0.299329921603203
4.975,0.66351806640625,0.120257110595703,0.691970437765121,0.296685546636581
4.98333333333333,0.66386157989502,0.121130828857422,0.693201333284378,0.296082332730293
4.99166666666667,0.664177627563477,0.12278076171875,0.691493570804596,0.303130745887756
5,0.664426651000977,0.124383392333984,0.695437610149384,0.298251390457153
5.00833333333333,0.664426651000977,0.124383392333984,0.702759355306625,0.293699592351913
5.01666666666667,0.664681599934896,0.125453338623047,0.694017589092255,0.285046607255936
5.025,0.665094426472982,0.127313232421875,0.692888855934143,0.294416025280952
5.03333333333333,0.665237528483073,0.129681854248047,0.699499666690826,0.287566110491753
5.04166666666667,0.665470530192057,0.132438201904297,0.687933415174484,0.297220960259438
5.05,0.665463562011719,0.135819091796875,0.672738283872604,0.305883839726448
5.05833333333333,0.665661544799805,0.139564514160156,0.671692341566086,0.306731581687927
5.06666666666667,0.664969762166341,0.146786804199219,0.676106512546539,0.323225080966949
5.075,0.663041381835938,0.148769683837891,0.678054481744766,0.32469978928566
5.08333333333333,0.662414665222168,0.151192474365234,0.677555948495865,0.319016218185425
5.09166666666667,0.662119216918945,0.152669525146484,0.66851282119751,0.319590598344803
5.1,0.662217280069987,0.155313110351562,0.675527602434158,0.316443562507629
5.10833333333333,0.662320391337077,0.1583544921875,0.678280562162399,0.314317315816879
5.11666666666667,0.662320391337077,0.1583544921875,0.672443985939026,0.320085018873215
5.125,0.662431259155273,0.160980682373047,0.680559247732162,0.318954423069954
5.13333333333333,0.662563908894857,0.1642529296875,0.673012107610703,0.306453809142113
5.14166666666667,0.663015696207682,0.1684814453125,0.687039107084274,0.318554416298866
5.15,0.663521054585775,0.172145080566406,0.676972389221191,0.318765625357628
5.15833333333333,0.664136670430501,0.174287872314453,0.681501567363739,0.30337381362915
5.16666666666667,0.664667409261068,0.175976867675781,0.677324086427689,0.314410984516144
5.175,0.665252571105957,0.178526458740234,0.67733359336853,0.324436977505684
5.18333333333333,0.66544371287028,0.180662078857422,0.682601362466812,0.303001955151558
5.19166666666667,0.665592041015625,0.181564483642578,0.6773781478405,0.317871257662773
5.2,0.66596809387207,0.182180328369141,0.677126854658127,0.309512808918953
5.20833333333333,0.666339505513509,0.1833935546875,0.675555765628815,0.307179570198059
5.21666666666667,0.666339505513509,0.1833935546875,0.666198968887329,0.307974651455879
5.225,0.666650733947754,0.185174865722656,0.67191156744957,0.324280768632889
5.23333333333333,0.667097854614258,0.186793823242188,0.671183198690414,0.311877742409706
5.24166666666667,0.667591552734375,0.189060821533203,0.680215269327164,0.31828972697258
5.25,0.668248049418132,0.190871124267578,0.680929273366928,0.323164775967598
5.25833333333333,0.66900889078776,0.192629241943359,0.683949083089828,0.31918677687645
5.26666666666667,0.669835090637207,0.193930511474609,0.673819124698639,0.317414671182632
5.275,0.671329828898112,0.194761657714844,0.676842361688614,0.309643656015396
5.28333333333333,0.672292811075846,0.195884704589844,0.675776809453964,0.311445072293282
5.29166666666667,0.673406130472819,0.197427978515625,0.67170974612236,0.317679688334465
5.3,0.673406130472819,0.197427978515625,0.68188288807869,0.310983076691628
5.30833333333333,0.674412689208984,0.198823547363281,0.672376543283463,0.315173357725143
5.31666666666667,0.675179341634115,0.200072479248047,0.705623090267181,0.35743011534214
5.325,0.675999298095703,0.202736206054687,0.719835788011551,0.382766336202621
5.33333333333333,0.676887003580729,0.203958282470703,0.720992505550385,0.405251726508141
5.34166666666667,0.677780634562174,0.204824523925781,0.709177434444427,0.402347356081009
5.35,0.67870044708252,0.20590087890625,0.717249691486359,0.394917100667953
5.35833333333333,0.679425684611003,0.206938018798828,0.713212817907333,0.405702874064445
5.36666666666667,0.67982593536377,0.208406219482422,0.715564906597137,0.405949041247368
5.375,0.6800941212972,0.209588012695312,0.718327552080154,0.408584967255592
5.38333333333333,0.680134862263997,0.210452423095703,0.705897599458694,0.409552201628685
5.39166666666667,0.680134862263997,0.210452423095703,0.711684077978134,0.406465992331505
5.4,0.680124867757161,0.211189422607422,0.704333931207657,0.410388424992561
5.40833333333333,0.680334027608236,0.211675720214844,0.712108850479126,0.400052294135094
5.41666666666667,0.680155359903971,0.212223663330078,0.706752061843872,0.408280819654465
5.425,0.679717814127604,0.212562408447266,0.712595701217651,0.406913504004478
5.43333333333333,0.67881290435791,0.213343353271484,0.707890689373016,0.400317594408989
5.44166666666667,0.678277918497721,0.211629333496094,0.70942696928978,0.412032529711723
5.45,0.679349377950033,0.210709381103516,0.722391605377197,0.403363555669785
5.45833333333333,0.679852574666341,0.210960235595703,0.708559215068817,0.409786641597748
5.46666666666667,0.679973017374675,0.209580383300781,0.710037738084793,0.405264437198639
5.475,0.679973017374675,0.209580383300781,0.709004372358322,0.40068031847477
5.48333333333333,0.679792404174805,0.207885284423828,0.709270566701889,0.407444536685944
5.49166666666667,0.679488245646159,0.206502227783203,0.703096926212311,0.40582463145256
5.5,0.678339144388835,0.206522521972656,0.708121001720428,0.400338292121887
5.50833333333333,0.676882654825846,0.206528930664063,0.712166488170624,0.400934249162674
5.51666666666667,0.675862096150716,0.206998901367187,0.710075169801712,0.41416808962822
5.525,0.675019124348958,0.206613922119141,0.749571353197098,0.42387492954731
5.53333333333333,0.674462381998698,0.205870361328125,0.770041078329086,0.439401090145111
5.54166666666667,0.673829561869303,0.2054931640625,0.780410021543503,0.442668780684471
5.55,0.673829561869303,0.2054931640625,0.776958495378494,0.4389269053936
5.55833333333333,0.673245162963867,0.205130615234375,0.774497598409653,0.433328956365585
5.56666666666667,0.672892049153646,0.204875793457031,0.770352900028229,0.448567509651184
5.575,0.672450612386068,0.204788055419922,0.776843011379242,0.44224601984024
5.58333333333333,0.672014999389648,0.204439697265625,0.778494983911514,0.434343278408051
5.59166666666667,0.671486587524414,0.204306488037109,0.774964869022369,0.430983379483223
5.6,0.670792338053385,0.203540802001953,0.778520435094833,0.44874881207943
5.60833333333333,0.670367940266927,0.203756256103516,0.769547641277313,0.447374939918518
5.61666666666667,0.669746284484863,0.203699188232422,0.770440608263016,0.457272723317146
5.625,0.66919116973877,0.204349212646484,0.768165469169617,0.438745975494385
5.63333333333333,0.668636258443197,0.204897308349609,0.767049670219421,0.443620607256889
5.64166666666667,0.668636258443197,0.204897308349609,0.774936467409134,0.445046991109848
5.65,0.668016370137533,0.205213775634766,0.770374983549118,0.457933217287064
5.65833333333333,0.667742487589518,0.205802154541016,0.776608675718307,0.44798544049263
5.66666666666667,0.667720464070638,0.206279602050781,0.772511929273605,0.448699578642845
5.675,0.667503128051758,0.206546936035156,0.772218614816666,0.448551133275032
5.68333333333333,0.667390823364258,0.206440734863281,0.778429239988327,0.444824561476707
5.69166666666667,0.667390899658203,0.206535186767578,0.780665099620819,0.455301716923714
5.7,0.667503967285156,0.206866302490234,0.779199182987213,0.543825179338455
5.70833333333333,0.667604777018229,0.206426239013672,0.766040593385696,0.607935905456543
5.71666666666667,0.667585576375326,0.206435852050781,0.780958652496338,0.663966953754425
5.725,0.667574361165365,0.206720886230469,0.794763028621674,0.684686660766602
5.73333333333333,0.667467816670736,0.206576538085937,0.784285724163055,0.689361751079559
5.74166666666667,0.667467816670736,0.206576538085937,0.785335063934326,0.684060037136078
5.75,0.667270431518555,0.206280517578125,0.782628506422043,0.681317418813705
5.75833333333333,0.667157643636068,0.205651092529297,0.785283267498016,0.694105625152588
5.76666666666667,0.666979077657064,0.205368957519531,0.784175217151642,0.67990517616272
5.775,0.666842536926269,0.20525390625,0.78177884221077,0.682428389787674
5.78333333333333,0.666822802225749,0.204876861572266,0.78721684217453,0.688885599374771
5.79166666666667,0.666295153299967,0.204848175048828,0.782370209693909,0.680121719837189
5.8,0.665837389628092,0.204717102050781,0.789294928312302,0.67939156293869
5.80833333333333,0.665277455647787,0.204535675048828,0.783525109291077,0.690992832183838
5.81666666666667,0.664973729451497,0.2050634765625,0.783018082380295,0.684817790985107
5.825,0.664543024698893,0.205575714111328,0.789653360843658,0.696300715208054
5.83333333333333,0.664198226928711,0.206308898925781,0.783893764019012,0.689138859510422
5.84166666666667,0.664198226928711,0.206308898925781,0.776355534791946,0.690909326076508
5.85,0.663773778279622,0.206494140625,0.785401523113251,0.693760722875595
5.85833333333333,0.663509648640951,0.206592864990234,0.778647214174271,0.678693532943726
5.86666666666667,0.663342132568359,0.206497039794922,0.775562137365341,0.685298919677734
5.875,0.663098526000977,0.206836242675781,0.775729209184647,0.685282021760941
5.88333333333333,0.663005358378092,0.207364654541016,0.779531806707382,0.68169242143631
5.89166666666667,0.662846310933431,0.207701416015625,0.786012977361679,0.684165239334106
5.9,0.662717081705729,0.207454071044922,0.783263683319092,0.694258719682693
5.90833333333333,0.662523981730143,0.207325134277344,0.784859091043472,0.680697411298752
5.91666666666667,0.662320149739583,0.207256469726563,0.778759956359863,0.683752924203873
5.925,0.662334098815918,0.207754669189453,0.783211141824722,0.689928501844406
5.93333333333333,0.662334098815918,0.207754669189453,0.782235771417618,0.685555070638657
5.94166666666667,0.66238582611084,0.207735137939453,0.786495476961136,0.694526731967926
5.95,0.662384287516276,0.207812652587891,0.793215423822403,0.688939601182938
5.95833333333333,0.662490488688151,0.207783203125,0.788237333297729,0.690787494182587
5.96666666666667,0.662603009541829,0.207933502197266,0.750483572483063,0.712717652320862
5.975,0.662818654378255,0.207873229980469,0.700673580169678,0.715652585029602
5.98333333333333,0.662931900024414,0.207763061523437,0.680752277374268,0.717559009790421
5.99166666666667,0.663032925923665,0.207886352539063,0.677067220211029,0.717656970024109
6,0.663209711710612,0.207684631347656,0.683389842510223,0.721489369869232
6.00833333333333,0.66221378326416,0.20659912109375,0.683719456195831,0.712844729423523
6.01666666666667,0.66221378326416,0.20659912109375,0.679920136928558,0.723828703165054
6.025,0.6592755762736,0.207374877929687,0.677161186933517,0.724121749401093
6.03333333333333,0.658992780049642,0.206177673339844,0.682626456022263,0.724724262952805
6.04166666666667,0.658692042032878,0.206974182128906,0.671520471572876,0.722040861845016
6.05,0.661322377522786,0.211590576171875,0.682592004537582,0.723643779754639
6.05833333333333,0.661933517456055,0.210691528320312,0.682895570993423,0.714965730905533
6.06666666666667,0.662413787841797,0.210200042724609,0.68766850233078,0.719738602638245
6.075,0.662781931559245,0.207585754394531,0.678917825222015,0.731620371341705
6.08333333333333,0.663218777974447,0.206184539794922,0.678016722202301,0.718013405799866
6.09166666666667,0.663329099019369,0.205072174072266,0.688563525676727,0.716749787330627
6.1,0.663312441507975,0.205071411132812,0.670469045639038,0.720185190439224
6.10833333333333,0.663160820007324,0.205209503173828,0.679100573062897,0.728883504867554
6.11666666666667,0.662858912150065,0.205449523925781,0.6842240691185,0.724644988775253
6.125,0.662551600138346,0.205166931152344,0.680838048458099,0.72033166885376
6.13333333333333,0.662411321004232,0.20493896484375,0.677291691303253,0.730854392051697
6.14166666666667,0.662248318990072,0.204867248535156,0.695995807647705,0.682211369276047
6.15,0.6620245997111,0.205230712890625,0.718118399381638,0.541721850633621
6.15833333333333,0.661893590291341,0.206044311523437,0.714733481407166,0.399644315242767
6.16666666666667,0.661827608744303,0.205454406738281,0.726383864879608,0.299556910991669
6.175,0.661688359578451,0.205098266601562,0.741175025701523,0.234388396143913
6.18333333333333,0.661626408894857,0.205329437255859,0.753188699483871,0.270386785268784
6.19166666666667,0.661763852437337,0.204220275878906,0.743421196937561,0.29380975663662
6.2,0.661778666178385,0.2042822265625,0.751381516456604,0.279987543821335
6.20833333333333,0.66171501159668,0.204529724121094,0.750588297843933,0.276903867721558
6.21666666666667,0.661655604044596,0.205248870849609,0.747973412275314,0.28453865647316
6.225,0.661669209798177,0.204871826171875,0.743350744247437,0.286780908703804
6.23333333333333,0.66170534769694,0.205062255859375,0.746395856142044,0.28659987449646
6.24166666666667,0.661551882425944,0.205104217529297,0.746178358793259,0.280826315283775
6.25,0.661717669169108,0.204991302490234,0.752740502357483,0.283867821097374
6.25833333333333,0.661692860921224,0.205015869140625,0.744226366281509,0.279726520180702
6.26666666666667,0.661348393758138,0.205243988037109,0.742140054702759,0.285279005765915
6.275,0.661365025838216,0.205061492919922,0.746354043483734,0.290528938174248
6.28333333333333,0.661578521728516,0.204834594726563,0.750939458608627,0.28056775033474
6.29166666666667,0.661793467203776,0.204711608886719,0.744929641485214,0.285288274288177
6.3,0.661793467203776,0.204711608886719,0.743874400854111,0.287882730364799
6.30833333333333,0.661896781921387,0.204859161376953,0.749831467866898,0.286395281553268
6.31666666666667,0.661993166605632,0.204218292236328,0.742758214473724,0.293142929673195
6.325,0.66212760925293,0.203845062255859,0.74774444103241,0.288880065083504
6.33333333333333,0.662327461242676,0.203624877929688,0.748601853847504,0.289155140519142
6.34166666666667,0.66239626566569,0.203488616943359,0.743762940168381,0.287375316023827
6.35,0.662416687011719,0.203531188964844,0.751431554555893,0.290490359067917
6.35833333333333,0.662412185668945,0.203662872314453,0.74936580657959,0.28982213139534
6.36666666666667,0.662290484110514,0.204441070556641,0.749010592699051,0.291583895683289
6.375,0.662258682250977,0.205405120849609,0.756033152341843,0.288445800542831
6.38333333333333,0.662184931437174,0.205968475341797,0.727280735969543,0.298503577709198
6.39166666666667,0.662218144734701,0.206208190917969,0.663087069988251,0.271911390125751
6.4,0.662240168253581,0.206665954589844,0.603754341602325,0.271959334611893
6.40833333333333,0.662265421549479,0.207138977050781,0.548717200756073,0.269964978098869
6.41666666666667,0.662406056722005,0.207243347167969,0.563216835260391,0.298644945025444
6.425,0.662497062683105,0.207181701660156,0.579278767108917,0.290598630905151
6.43333333333333,0.662624282836914,0.207426147460937,0.586782693862915,0.287968963384628
6.44166666666667,0.662781028747559,0.207496490478516,0.563824951648712,0.284822255373001
6.45,0.662807248433431,0.207845458984375,0.585285484790802,0.296526312828064
6.45833333333333,0.662957026163737,0.208175201416016,0.591982066631317,0.293386250734329
6.46666666666667,0.663030331929525,0.208314666748047,0.581405133008957,0.292145296931267
6.475,0.663194147745768,0.207930908203125,0.560394138097763,0.293168410658836
6.48333333333333,0.663377151489258,0.208056793212891,0.574073672294617,0.272557437419891
6.49166666666667,0.663732630411784,0.207654571533203,0.580442070960999,0.297477051615715
6.5,0.663865814208984,0.207834930419922,0.591051876544952,0.287724867463112
6.50833333333333,0.664020729064941,0.207899169921875,0.568822264671326,0.30177304148674
6.51666666666667,0.664274965922038,0.207819976806641,0.558278471231461,0.311224669218063
6.525,0.664481366475423,0.208165588378906,0.585266411304474,0.290899664163589
6.53333333333333,0.664774347941081,0.208445129394531,0.565824419260025,0.301651984453201
6.54166666666667,0.664839223225911,0.208771057128906,0.589963167905807,0.288335278630257
6.55,0.664860458374023,0.209251556396484,0.590779691934586,0.300942867994308
6.55833333333333,0.66487112681071,0.209547424316406,0.568922460079193,0.296365141868591
6.56666666666667,0.664761861165365,0.20946533203125,0.57522714138031,0.301467463374138
6.575,0.664677429199219,0.208561553955078,0.564769864082336,0.294738262891769
6.58333333333333,0.664606641133626,0.207902374267578,0.574760407209396,0.299430698156357
6.59166666666667,0.664377288818359,0.207496643066406,0.57404237985611,0.291459247469902
6.6,0.664004465738932,0.207491455078125,0.564059734344482,0.287918105721474
6.60833333333333,0.663802032470703,0.207641296386719,0.568249881267548,0.323194578289986
6.61666666666667,0.663640530904134,0.207572937011719,0.599105060100555,0.337507784366608
6.625,0.663378206888835,0.20743896484375,0.599618166685104,0.329940944910049
6.63333333333333,0.663220570882161,0.207249298095703,0.592520833015442,0.34038034081459
6.64166666666667,0.662814763387044,0.207433776855469,0.588674157857895,0.35098035633564
6.65,0.659507891337077,0.209747467041016,0.588242143392563,0.337158367037773
6.65833333333333,0.657982025146484,0.209104461669922,0.593678206205368,0.34543864428997
6.66666666666667,0.657406895955404,0.209658966064453,0.592988431453705,0.342305928468704
6.675,0.657046890258789,0.210597839355469,0.6035977602005,0.340180888772011
6.68333333333333,0.65704714457194,0.211627655029297,0.591746777296066,0.347087860107422
6.69166666666667,0.657134132385254,0.211669769287109,0.590043842792511,0.348645448684692
6.7,0.657162729899089,0.2118701171875,0.597856521606445,0.351329430937767
6.70833333333333,0.657217979431152,0.212121734619141,0.593708485364914,0.345580816268921
6.71666666666667,0.657225901285807,0.212278137207031,0.584604859352112,0.346780627965927
6.725,0.657196858723958,0.212255401611328,0.594777911901474,0.344194054603577
6.73333333333333,0.656978034973145,0.212025146484375,0.59539994597435,0.340822994709015
6.74166666666667,0.656730066935221,0.211890716552734,0.590389877557755,0.347540780901909
6.75,0.656472384134928,0.212175598144531,0.587088495492935,0.347261309623718
6.75833333333333,0.656190999348958,0.212308654785156,0.592058151960373,0.37306846678257
6.76666666666667,0.655909932454427,0.212010498046875,0.602848321199417,0.366874769330025
6.775,0.655831629435221,0.211952056884766,0.596905678510666,0.379872232675552
6.78333333333333,0.655544776916504,0.211997375488281,0.598856747150421,0.365850120782852
6.79166666666667,0.655341428120931,0.211923675537109,0.591504991054535,0.377990260720253
6.8,0.655000127156576,0.211672515869141,0.58548179268837,0.38315337896347
6.80833333333333,0.654714686075846,0.211090545654297,0.58907562494278,0.373238489031792
6.81666666666667,0.654514694213867,0.210753936767578,0.597761929035187,0.376836150884628
6.825,0.65441172281901,0.210258941650391,0.588302344083786,0.380312085151672
6.83333333333333,0.654239781697591,0.209378662109375,0.585196197032928,0.379466220736504
6.84166666666667,0.654186642964681,0.209404754638672,0.585380405187607,0.38257309794426
6.85,0.65414737701416,0.209451751708984,0.591859996318817,0.374430149793625
6.85833333333333,0.654109624226888,0.209494171142578,0.596303522586823,0.367904543876648
6.86666666666667,0.653996823628743,0.209833221435547,0.588534474372864,0.38643816113472
6.875,0.653909734090169,0.210037689208984,0.586460113525391,0.377676635980606
6.88333333333333,0.653862902323405,0.209890441894531,0.586365729570389,0.384150072932243
6.89166666666667,0.653714853922526,0.209657592773438,0.589442044496536,0.382569745182991
6.9,0.653671900431315,0.209677734375,0.584569901227951,0.385354697704315
6.90833333333333,0.653635342915853,0.209298553466797,0.589415818452835,0.379129305481911
6.91666666666667,0.653535766601563,0.209236755371094,0.630990624427795,0.346578180789948
6.925,0.653381055196126,0.209197998046875,0.665073722600937,0.308505311608315
6.93333333333333,0.653302942911784,0.20941650390625,0.690789550542831,0.289638534188271
6.94166666666667,0.653100611368815,0.210190887451172,0.698406755924225,0.281535342335701
6.95,0.652916094462077,0.210607452392578,0.69330045580864,0.296746835112572
6.95833333333333,0.652727228800456,0.211103515625,0.695253431797028,0.291912510991096
6.96666666666667,0.652727228800456,0.211103515625,0.693611294031143,0.292396068572998
6.975,0.652696100870768,0.211686553955078,0.683679074048996,0.304149746894836
6.98333333333333,0.652588691711426,0.212232055664062,0.685277760028839,0.288107439875603
6.99166666666667,0.652472089131673,0.212787017822266,0.693765759468079,0.296407043933868
7,0.652431259155273,0.213268737792969,0.692232340574265,0.304314598441124
7.00833333333333,0.652353998819987,0.213628845214844,0.68986189365387,0.298439085483551
7.01666666666667,0.65204221089681,0.214455413818359,0.680084258317947,0.304857954382896
7.025,0.651787490844727,0.215286254882812,0.689594745635986,0.295698523521423
7.03333333333333,0.651902351379395,0.216585388183594,0.691511631011963,0.303378522396088
7.04166666666667,0.654397341410319,0.217078399658203,0.702574521303177,0.295400217175484
7.05,0.654359906514486,0.219326019287109,0.686545550823212,0.303232163190842
7.05833333333333,0.654570248921712,0.215650787353516,0.68797168135643,0.303530856966972
7.06666666666667,0.654628639221191,0.215563049316406,0.688367128372192,0.30314140021801
7.075,0.654467264811198,0.215843658447266,0.690072894096375,0.297292843461037
7.08333333333333,0.653862457275391,0.217449340820313,0.692365676164627,0.305954173207283
7.09166666666667,0.652952295939128,0.21946533203125,0.696697801351547,0.296909675002098
7.1,0.652140769958496,0.220612106323242,0.687656760215759,0.301025286316872
7.10833333333333,0.651407140096029,0.221857528686523,0.689111709594727,0.309914380311966
7.11666666666667,0.650777486165365,0.223003768920898,0.681810975074768,0.311783254146576
7.125,0.650161819458008,0.223420715332031,0.68771904706955,0.302735507488251
7.13333333333333,0.649407196044922,0.224385986328125,0.686063975095749,0.306649953126907
7.14166666666667,0.648797543843587,0.224514694213867,0.697789341211319,0.299750506877899
7.15,0.648046811421712,0.224772720336914,0.688747197389603,0.303715869784355
7.15833333333333,0.647276153564453,0.225450973510742,0.683098167181015,0.314035579562187
7.16666666666667,0.646326014200846,0.226539077758789,0.678122788667679,0.311019957065582
7.175,0.645233256022135,0.228169250488281,0.661257445812225,0.336287766695023
7.18333333333333,0.643994750976562,0.229599533081055,0.670507460832596,0.325996220111847
7.19166666666667,0.642560628255208,0.230720825195312,0.670360445976257,0.318641066551208
7.2,0.64121696472168,0.232377319335938,0.662941485643387,0.313288912177086
7.20833333333333,0.63971019744873,0.233806915283203,0.669018626213074,0.319830164313316
7.21666666666667,0.638267415364583,0.235196228027344,0.676494389772415,0.313359022140503
7.225,0.636684315999349,0.236583633422852,0.674240052700043,0.326205387711525
7.23333333333333,0.635059687296549,0.237849731445313,0.669573038816452,0.326640084385872
7.24166666666667,0.633409690856934,0.238102493286133,0.671477317810059,0.320692121982574
7.25,0.631671333312988,0.23910285949707,0.677152752876282,0.315015122294426
7.25833333333333,0.629809837341309,0.239878921508789,0.673556953668594,0.326540216803551
7.26666666666667,0.628161544799805,0.240969390869141,0.664263248443604,0.325111299753189
7.275,0.625981407165527,0.242002410888672,0.671430915594101,0.322898805141449
7.28333333333333,0.625981407165527,0.242002410888672,0.671967655420303,0.320086151361465
7.29166666666667,0.623985010782878,0.24281623840332,0.672568589448929,0.327865421772003
7.3,0.621919199625651,0.24458869934082,0.666877955198288,0.327773123979568
7.30833333333333,0.619982070922852,0.246243438720703,0.668569087982178,0.330968752503395
7.31666666666667,0.61817143758138,0.247557067871094,NaN,NaN
7.325,0.616307004292806,0.248799819946289,0.67358785867691,0.320609375834465
7.33333333333333,0.614565416971842,0.250240478515625,0.668771922588348,0.319732651114464
7.34166666666667,0.612854537963867,0.252066116333008,0.65513950586319,0.340752631425858
7.35,0.611410026550293,0.253745346069336,0.619232058525085,0.362610220909119
7.35833333333333,0.610219841003418,0.255301818847656,0.572449088096619,0.381665498018265
7.36666666666667,0.609275563557943,0.256237945556641,0.569802969694138,0.386102259159088
7.375,0.608184928894043,0.257100524902344,0.570926755666733,0.388231962919235
7.38333333333333,0.606887868245443,0.257943496704102,0.564044982194901,0.391533240675926
7.39166666666667,0.605466423034668,0.258098068237305,0.562609910964966,0.39682611823082
7.4,0.604146823883057,0.258535308837891,0.572096168994904,0.387526631355286
7.40833333333333,0.603102531433105,0.259543914794922,0.565884232521057,0.387289822101593
7.41666666666667,0.601904379526774,0.260493698120117,0.574204474687576,0.381137549877167
7.425,0.601076850891113,0.261701431274414,0.570473849773407,0.382862344384193
7.43333333333333,0.600271498362223,0.262789916992187,0.573464035987854,0.382525339722633
7.44166666666667,0.599593486785889,0.263522033691406,0.563649624586105,0.403139442205429
7.45,0.59902650197347,0.264979629516602,0.567476868629456,0.388728439807892
7.45833333333333,0.598439509073893,0.266066436767578,0.560574144124985,0.392104178667068
7.46666666666667,0.597768999735514,0.267216415405273,0.553258329629898,0.398126065731049
7.475,0.59697380065918,0.268436126708984,0.573335260152817,0.390642046928406
7.48333333333333,0.596262270609538,0.269751129150391,0.571033120155334,0.389136865735054
7.49166666666667,0.595280030568441,0.270632934570312,0.578824460506439,0.388235628604889
7.5,0.594434153238932,0.271411285400391,NaN,NaN
7.50833333333333,0.593652153015137,0.272337951660156,0.522576123476028,0.3825503885746
7.51666666666667,0.592873617808024,0.273286590576172,NaN,NaN
7.525,0.591911462148031,0.275038299560547,NaN,NaN
7.53333333333333,0.591204713185628,0.276828765869141,NaN,NaN
7.54166666666667,0.590672671000163,0.278405380249023,NaN,NaN
7.55,0.590013071695964,0.279329071044922,NaN,NaN
7.55833333333333,0.589535706837972,0.280502319335938,NaN,NaN
7.56666666666667,0.588857707977295,0.281938095092773,NaN,NaN
7.575,0.588158721923828,0.283651885986328,NaN,NaN
7.58333333333333,0.58730609258016,0.285193023681641,NaN,NaN
7.59166666666667,0.58730609258016,0.285193023681641,NaN,NaN
7.6,0.585017185211182,0.287318954467773,NaN,NaN
7.60833333333333,0.582391675313314,0.289318695068359,NaN,NaN
7.61666666666667,0.580883363087972,0.289270248413086,NaN,NaN
7.625,0.57998748143514,0.292306365966797,NaN,NaN
7.63333333333333,0.581405404408773,0.291446533203125,NaN,NaN
7.64166666666667,0.581799812316895,0.293914566040039,NaN,NaN
7.65,0.581703453063965,0.294138107299805,NaN,NaN
7.65833333333333,0.581185429890951,0.293707962036133,NaN,NaN
7.66666666666667,0.580257047017415,0.293905792236328,NaN,NaN
7.675,0.57966121673584,0.294358901977539,NaN,NaN
7.68333333333333,0.579040431976318,0.29496337890625,NaN,NaN
7.69166666666667,0.578522529602051,0.295192108154297,NaN,NaN
7.7,0.578159173329671,0.295206909179688,NaN,NaN
7.70833333333333,0.577697270711263,0.295262222290039,NaN,NaN
7.71666666666667,0.577371075948079,0.295896072387695,NaN,NaN
7.725,0.577157999674479,0.296151504516602,NaN,NaN
7.73333333333333,0.577125123341878,0.295509872436523,NaN,NaN
7.74166666666667,0.577067941029867,0.295018463134766,NaN,NaN
7.75,0.576819559733073,0.294806289672852,NaN,NaN
7.75833333333333,0.576534531911214,0.293822250366211,NaN,NaN
7.76666666666667,0.576207930246989,0.293197402954102,NaN,NaN
7.775,0.575930309295654,0.292838516235352,NaN,NaN
7.78333333333333,0.57567211151123,0.292446823120117,NaN,NaN
7.79166666666667,0.575540504455566,0.292509765625,NaN,NaN
7.8,0.575280367533366,0.292298889160156,NaN,NaN
7.80833333333333,0.575352439880371,0.292476577758789,NaN,NaN
7.81666666666667,0.575124015808105,0.292414474487305,NaN,NaN
7.825,0.574987030029297,0.291936874389648,NaN,NaN
7.83333333333333,0.575120862325033,0.291002349853516,NaN,NaN
7.84166666666667,0.575021998087565,0.290207748413086,NaN,NaN
7.85,0.574805717468262,0.289635009765625,NaN,NaN
7.85833333333333,0.574713865915934,0.289604415893555,NaN,NaN
7.86666666666667,0.574731674194336,0.289757995605469,NaN,NaN
7.875,0.574699783325195,0.289688720703125,NaN,NaN
7.88333333333333,0.574761454264323,0.289729156494141,NaN,NaN
7.89166666666667,0.574860223134359,0.289711990356445,NaN,NaN
7.9,0.574999872843424,0.28899299621582,NaN,NaN
7.90833333333333,0.575123240152995,0.288764038085938,NaN,NaN
7.91666666666667,0.575364087422689,0.288641891479492,NaN,NaN
7.925,0.575585861206055,0.288031539916992,NaN,NaN
7.93333333333333,0.575909042358398,0.287906646728516,NaN,NaN
7.94166666666667,0.576293207804362,0.287582626342773,NaN,NaN
7.95,0.576650435129801,0.287267379760742,NaN,NaN
7.95833333333333,0.576989351908366,0.286929244995117,NaN,NaN
7.96666666666667,0.577239303588867,0.28657341003418,NaN,NaN
7.975,0.577278105417887,0.286780853271484,NaN,NaN
7.98333333333333,0.577442855834961,0.286872253417969,NaN,NaN
7.99166666666667,0.57764258702596,0.287170639038086,NaN,NaN
8,0.577736651102702,0.286683807373047,NaN,NaN
8.00833333333333,0.577892615000407,0.286068649291992,NaN,NaN
8.01666666666667,0.57813730875651,0.285820770263672,NaN,NaN
8.025,0.578395805358887,0.285959625244141,NaN,NaN
8.03333333333333,0.578461252848307,0.28624397277832,NaN,NaN
8.04166666666667,0.578752765655518,0.286404190063477,NaN,NaN
8.05,0.579031804402669,0.286653594970703,NaN,NaN
8.05833333333333,0.579372901916504,0.286780700683594,NaN,NaN
8.06666666666667,0.579599533081055,0.286582107543945,NaN,NaN
8.075,0.579663988749186,0.286682510375977,NaN,NaN
8.08333333333333,0.579802017211914,0.286838150024414,NaN,NaN
8.09166666666667,0.580037333170573,0.286863021850586,NaN,NaN
8.1,0.580166740417481,0.287021865844727,NaN,NaN
8.10833333333333,0.580166740417481,0.287021865844727,NaN,NaN
8.11666666666667,0.58062131245931,0.287283706665039,NaN,NaN
8.125,0.580912717183431,0.287483291625977,NaN,NaN
8.13333333333333,0.581094977060954,0.287747573852539,NaN,NaN
8.14166666666667,0.581316184997559,0.287831802368164,NaN,NaN
8.15,0.581688117980957,0.287635650634766,NaN,NaN
8.15833333333333,0.582059078216553,0.287481155395508,NaN,NaN
8.16666666666667,0.58289680480957,0.287513809204102,NaN,NaN
8.175,0.58289680480957,0.287513809204102,NaN,NaN
8.18333333333333,0.583447176615397,0.287787017822266,NaN,NaN
8.19166666666667,0.583721815745036,0.28811653137207,NaN,NaN
8.2,0.583888867696126,0.288552780151367,NaN,NaN
8.20833333333333,0.584034824371338,0.288312530517578,NaN,NaN
8.21666666666667,0.584202988942464,0.288656921386719,NaN,NaN
8.225,0.58429536819458,0.288764190673828,NaN,NaN
8.23333333333333,0.582385864257812,0.292558670043945,NaN,NaN
8.24166666666667,0.581244163513184,0.294649505615234,NaN,NaN
8.25,0.580771039326986,0.293974456787109,NaN,NaN
8.25833333333333,0.580641759236654,0.293821487426758,NaN,NaN
8.26666666666667,0.580641250610352,0.293234939575195,NaN,NaN
8.275,0.580610644022624,0.29380859375,NaN,NaN
8.28333333333333,0.580577252705892,0.294110336303711,NaN,NaN
8.29166666666667,0.580546340942383,0.29459098815918,NaN,NaN
8.3,0.580335591634115,0.29474365234375,NaN,NaN
8.30833333333333,0.580111255645752,0.294737167358398,NaN,NaN
8.31666666666667,0.579940077463786,0.294976577758789,NaN,NaN
8.325,0.579717286427816,0.29544319152832,NaN,NaN
8.33333333333333,0.579535439809163,0.295737915039063,NaN,NaN
8.34166666666667,0.579222068786621,0.296172180175781,NaN,NaN
8.35,0.578971150716146,0.296390762329102,NaN,NaN
8.35833333333333,0.578811314900716,0.296512603759766,NaN,NaN
8.36666666666667,0.578713308970134,0.296418228149414,NaN,NaN
8.375,0.578553746541341,0.29623420715332,NaN,NaN
8.38333333333333,0.578460833231608,0.296337814331055,NaN,NaN
8.39166666666667,0.578479531606038,0.296417999267578,NaN,NaN
8.4,0.578441937764486,0.296496505737305,NaN,NaN
8.40833333333333,0.578388430277507,0.296716537475586,NaN,NaN
8.41666666666667,0.578369674682617,0.296982727050781,NaN,NaN
8.425,0.578198464711507,0.297155075073242,NaN,NaN
8.43333333333333,0.578044312795003,0.297586135864258,NaN,NaN
8.44166666666667,0.577864748636882,0.297941970825195,NaN,NaN
8.45,0.577632134755452,0.29818977355957,NaN,NaN
8.45833333333333,0.577300694783529,0.298233489990234,NaN,NaN
8.46666666666667,0.577161712646484,0.298059997558594,NaN,NaN
8.475,0.577062861124674,0.297981796264648,NaN,NaN
8.48333333333333,0.576936842600505,0.297523193359375,NaN,NaN
8.49166666666667,0.576922772725423,0.297343139648438,NaN,NaN
8.5,0.576929550170898,0.296996154785156,NaN,NaN
8.50833333333333,0.577032279968262,0.296547927856445,NaN,NaN
8.51666666666667,0.576954708099365,0.296564483642578,NaN,NaN
8.525,0.576893819173177,0.296382446289063,NaN,NaN
8.53333333333333,0.576769676208496,0.296328506469727,NaN,NaN
8.54166666666667,0.57660701751709,0.296030960083008,NaN,NaN
8.55,0.576448872884115,0.296076507568359,NaN,NaN
8.55833333333333,0.576499455769857,0.295954666137695,NaN,NaN
8.56666666666667,0.576364905039469,0.296030578613281,NaN,NaN
8.575,0.576174011230469,0.295635147094727,NaN,NaN
8.58333333333333,0.576067899068197,0.295273971557617,NaN,NaN
8.59166666666667,0.576067899068197,0.295273971557617,NaN,NaN
8.6,0.575905570983887,0.294205780029297,NaN,NaN
8.60833333333333,0.575652567545573,0.293973846435547,NaN,NaN
8.61666666666667,0.576438948313395,0.291807327270508,NaN,NaN
8.625,0.577509587605794,0.28907470703125,NaN,NaN
8.63333333333333,0.578057664235433,0.289205551147461,NaN,NaN
8.64166666666667,0.578163617451986,0.287933502197266,NaN,NaN
8.65,0.578200721740723,0.286727600097656,NaN,NaN
8.65833333333333,0.578271306355794,0.285776519775391,NaN,NaN
8.66666666666667,0.578241844177246,0.284704132080078,NaN,NaN
8.675,0.578211224873861,0.283707809448242,NaN,NaN
8.68333333333333,0.578171869913737,0.28271858215332,NaN,NaN
8.69166666666667,0.578089904785156,0.281534271240234,NaN,NaN
8.7,0.578089904785156,0.281534271240234,NaN,NaN
8.70833333333333,0.577945607503255,0.28083366394043,NaN,NaN
8.71666666666667,0.577972094217936,0.280537796020508,NaN,NaN
8.725,0.577751267751058,0.280260314941406,NaN,NaN
8.73333333333333,0.57764949798584,0.280498275756836,NaN,NaN
8.74166666666667,0.577652002970378,0.279750061035156,NaN,NaN
8.75,0.577710164388021,0.278790283203125,NaN,NaN
8.75833333333333,0.577911542256673,0.277953033447266,NaN,NaN
8.76666666666667,0.577695960998535,0.277352142333984,NaN,NaN
8.775,0.577600657145182,0.277086639404297,NaN,NaN
8.78333333333333,0.577488231658936,0.276709976196289,NaN,NaN
8.79166666666667,0.577434221903483,0.27635124206543,NaN,NaN
8.8,0.57733891805013,0.275642929077148,NaN,NaN
8.80833333333333,0.577149861653646,0.275165252685547,NaN,NaN
8.81666666666667,0.577003288269043,0.275210037231445,NaN,NaN
8.825,0.576991628011068,0.275122756958008,NaN,NaN
8.83333333333333,0.576991628011068,0.275122756958008,NaN,NaN
8.84166666666667,0.577002309163411,0.275037307739258,NaN,NaN
8.85,0.576938406626383,0.274658355712891,NaN,NaN
8.85833333333333,0.57685489654541,0.273777160644531,NaN,NaN
8.86666666666667,0.576691150665283,0.272960205078125,NaN,NaN
8.875,0.576625022888184,0.272313385009766,NaN,NaN
8.88333333333333,0.576555309295654,0.271465835571289,NaN,NaN
8.89166666666667,0.576438770294189,0.270200119018555,NaN,NaN
8.9,0.576143646240234,0.269273300170898,NaN,NaN
8.90833333333333,0.575821812947591,0.267129364013672,NaN,NaN
8.91666666666667,0.575273933410644,0.265808563232422,NaN,NaN
8.925,0.575051752726237,0.264653930664063,NaN,NaN
8.93333333333333,0.57455914179484,0.263543319702148,NaN,NaN
8.94166666666667,0.574130706787109,0.262608337402344,NaN,NaN
8.95,0.573618965148926,0.262113723754883,NaN,NaN
8.95833333333333,0.573083566029867,0.261687316894531,NaN,NaN
8.96666666666667,0.573043899536133,0.260172805786133,NaN,NaN
8.975,0.57284969329834,0.257735366821289,NaN,NaN
8.98333333333333,0.572933184305827,0.255601196289063,NaN,NaN
8.99166666666667,0.572803764343262,0.253381958007812,NaN,NaN
9,0.572598692576091,0.251036834716797,NaN,NaN
9.00833333333333,0.572459538777669,0.248540954589844,NaN,NaN
9.01666666666667,0.572358309427897,0.246800308227539,NaN,NaN
9.025,0.571976852416992,0.245075912475586,NaN,NaN
9.03333333333333,0.571302496592204,0.243806381225586,NaN,NaN
9.04166666666667,0.570764198303223,0.242607040405273,NaN,NaN
9.05,0.57029416402181,0.239838562011719,NaN,NaN
9.05833333333333,0.569981066385905,0.23665397644043,NaN,NaN
9.06666666666667,0.569639841715495,0.233861083984375,NaN,NaN
9.075,0.569295050303141,0.232811050415039,NaN,NaN
9.08333333333333,0.56905486424764,0.23250732421875,NaN,NaN
9.09166666666667,0.569088433583578,0.231827545166016,NaN,NaN
9.1,0.569044418334961,0.230840148925781,NaN,NaN
9.10833333333333,0.56912717183431,0.229501342773437,NaN,NaN
9.11666666666667,0.568978907267253,0.227266845703125,NaN,NaN
9.125,0.569243723551432,0.225268096923828,NaN,NaN
9.13333333333333,0.56924160639445,0.224017944335937,NaN,NaN
9.14166666666667,0.569316914876302,0.223061218261719,NaN,NaN
9.15,0.569274946848551,0.222152557373047,NaN,NaN
9.15833333333333,0.569145266215006,0.220804672241211,NaN,NaN
9.16666666666667,0.569221420288086,0.219186706542969,NaN,NaN
9.175,0.566888128916422,0.218402557373047,NaN,NaN
9.18333333333333,0.565919850667318,0.217071838378906,NaN,NaN
9.19166666666667,0.56573782602946,0.213550720214844,NaN,NaN
9.2,0.566515706380208,0.209252319335937,NaN,NaN
9.20833333333333,0.566515706380208,0.209252319335937,NaN,NaN
9.21666666666667,0.571485595703125,0.207324523925781,NaN,NaN
9.225,0.572453142801921,0.208699188232422,NaN,NaN
9.23333333333333,0.572827542622884,0.208593597412109,NaN,NaN
9.24166666666667,0.573043047587077,0.207866973876953,NaN,NaN
9.25,0.573394858042399,0.205905303955078,NaN,NaN
9.25833333333333,0.573743591308594,0.203329467773438,NaN,NaN
9.26666666666667,0.574043757120768,0.200868072509766,NaN,NaN
9.275,0.574286206563314,0.198138427734375,NaN,NaN
9.28333333333333,0.574475886027018,0.196349334716797,NaN,NaN
9.29166666666667,0.57490229288737,0.194707946777344,NaN,NaN
9.3,0.57508420308431,0.193135528564453,NaN,NaN
9.30833333333333,0.575314153035482,0.191053161621094,NaN,NaN
9.31666666666667,0.575502738952637,0.188576965332031,NaN,NaN
9.325,0.575805130004883,0.185445098876953,NaN,NaN
9.33333333333333,0.576268037160238,0.182577819824219,NaN,NaN
9.34166666666667,0.576553153991699,0.180374450683594,0.574832081794739,0.316458642482758
9.35,0.576897761027018,0.178219604492188,NaN,NaN
9.35833333333333,0.577036425272624,0.176342620849609,0.584596633911133,0.297315388917923
9.36666666666667,0.577242291768392,0.174797058105469,0.592954486608505,0.293714806437492
9.375,0.5777800877889,0.172950439453125,0.588895887136459,0.296350419521332
9.38333333333333,0.578324820200602,0.171220245361328,NaN,NaN
9.39166666666667,0.578548494974772,0.170164947509766,0.585211277008057,0.321860820055008
9.4,0.578653074900309,0.16794189453125,0.591383546590805,0.296148553490639
9.40833333333333,0.578628616333008,0.165663146972656,0.57537654042244,0.296009182929993
9.41666666666667,0.578500277201335,0.163005523681641,0.580364972352982,0.305739685893059
9.425,0.578437957763672,0.160403442382812,0.576774805784225,0.303951218724251
9.43333333333333,0.578388264973958,0.159033966064453,0.582526504993439,0.302040129899979
9.44166666666667,0.578367360432943,0.157761077880859,0.572280049324036,0.303158521652222
9.45,0.578474667867025,0.157061462402344,0.583581984043121,0.289756298065186
9.45833333333333,0.578797810872396,0.156355590820312,0.578462302684784,0.303924083709717
9.46666666666667,0.578911336263021,0.155230712890625,0.576470583677292,0.290083169937134
9.475,0.579154574076335,0.154628143310547,0.573586672544479,0.307263612747192
9.48333333333333,0.57944850285848,0.153209228515625,0.572781205177307,0.309978172183037
9.49166666666667,0.579561907450358,0.152074584960938,0.576747268438339,0.298427924513817
9.5,0.57955109278361,0.150889739990234,0.585103929042816,0.292057707905769
9.50833333333333,0.579608955383301,0.1500146484375,0.58212947845459,0.30220353603363
9.51666666666667,0.579608955383301,0.1500146484375,0.578716218471527,0.292652457952499
9.525,0.579590187072754,0.148883209228516,0.586836874485016,0.29336741566658
9.53333333333333,0.57951945622762,0.148018798828125,0.58957639336586,0.271488785743713
9.54166666666667,0.57941354115804,0.147179870605469,0.651529014110565,0.295317798852921
9.55,0.579194450378418,0.147155609130859,0.704921334981918,0.291729629039764
9.55833333333333,0.578873449961344,0.147314910888672,0.737624824047089,0.295533463358879
9.56666666666667,0.578524710337321,0.147745666503906,0.745432645082474,0.290162727236748
9.575,0.578190803527832,0.147997894287109,0.747381567955017,0.268011175096035
9.58333333333333,0.577830289204915,0.148637390136719,0.734844028949738,0.292484149336815
9.59166666666667,0.577430884043376,0.149665069580078,0.737030178308487,0.284570008516312
9.6,0.577084217071533,0.150701751708984,0.73825266957283,0.297083482146263
9.60833333333333,0.576673520406087,0.152013092041016,0.73364794254303,0.29727378487587
9.61666666666667,0.576107788085938,0.154374694824219,0.736452400684357,0.278712660074234
9.625,0.575512015024821,0.155952301025391,0.733006000518799,0.305057674646378
9.63333333333333,0.57492223739624,0.157637634277344,0.742729514837265,0.278960771858692
9.64166666666667,0.574335740407308,0.158740234375,0.749713718891144,0.299317196011543
9.65,0.573961245218913,0.159851379394531,0.743169009685516,0.303730174899101
9.65833333333333,0.573541666666667,0.160666351318359,0.731770992279053,0.289619982242584
9.66666666666667,0.573203919728597,0.162008819580078,0.739617764949799,0.302069693803787
9.675,0.572901814778646,0.163666839599609,0.731846988201141,0.287440478801727
9.68333333333333,0.572666441599528,0.165854644775391,0.743102759122849,0.30700147151947
9.69166666666667,0.572529614766439,0.166568908691406,0.741617560386658,0.29456140100956
9.7,0.572408351898193,0.166961517333984,0.751325398683548,0.27748367190361
9.70833333333333,0.572241547902425,0.167297668457031,0.753208011388779,0.287827059626579
9.71666666666667,0.572137762705485,0.167884216308594,0.737722247838974,0.285907581448555
9.725,0.57190996170044,0.168633575439453,0.762821048498154,0.299545601010323
9.73333333333333,0.571768830617269,0.169076080322266,0.687580972909927,0.284279718995094
9.74166666666667,0.571555379231771,0.169471740722656,NaN,NaN
9.75,0.571268628438314,0.169642486572266,NaN,NaN
9.75833333333333,0.571068363189697,0.169435882568359,NaN,NaN
9.76666666666667,0.570943158467611,0.169361877441406,NaN,NaN
9.775,0.570866343180339,0.168645477294922,NaN,NaN
9.78333333333333,0.57064634958903,0.168654632568359,NaN,NaN
9.79166666666667,0.57029380162557,0.168148803710938,NaN,NaN
9.8,0.570134334564209,0.167953186035156,NaN,NaN
9.80833333333333,0.569369392395019,0.168033752441406,NaN,NaN
9.81666666666667,0.56563258488973,0.168757934570313,NaN,NaN
9.825,0.564478136698405,0.170475158691406,NaN,NaN
9.83333333333333,0.563908761342367,0.169057769775391,NaN,NaN
9.84166666666667,0.563434079488119,0.169403839111328,NaN,NaN
9.85,0.56315465927124,0.169413757324219,NaN,NaN
9.85833333333333,0.563122965494792,0.169363250732422,NaN,NaN
9.86666666666667,0.56317626953125,0.168614044189453,NaN,NaN
9.875,0.563426837921143,0.168871917724609,NaN,NaN
9.88333333333333,0.563398927052816,0.169547424316406,NaN,NaN
9.89166666666667,0.563388023376465,0.170298309326172,NaN,NaN
9.9,0.563349825541178,0.170748596191406,NaN,NaN
9.90833333333333,0.563425674438477,0.170518798828125,NaN,NaN
9.91666666666667,0.563521073659261,0.169735565185547,NaN,NaN
9.925,0.563561566670736,0.168899993896484,NaN,NaN
9.93333333333333,0.563673750559489,0.168610382080078,NaN,NaN
9.94166666666667,0.563814862569173,0.168636169433594,0.53578394651413,0.29048989713192
9.95,0.564057165781657,0.168919830322266,0.515772178769112,0.310357302427292
9.95833333333333,0.564442774454753,0.168188781738281,0.606992602348328,0.305201917886734
9.96666666666667,0.564592475891113,0.168995208740234,0.517947018146515,0.301839381456375
9.975,0.564741611480713,0.169004058837891,NaN,NaN
9.98333333333333,0.564837710062663,0.1692529296875,NaN,NaN
9.99166666666667,0.564962984720866,0.169151306152344,NaN,NaN
10,0.565028807322184,0.169275207519531,NaN,NaN
10.0083333333333,0.565104516347249,0.169443511962891,NaN,NaN
10.0166666666667,0.56525333404541,0.169412841796875,NaN,NaN
10.025,0.565513865152995,0.169128265380859,NaN,NaN
10.0333333333333,0.565880476633708,0.168909454345703,NaN,NaN
10.0416666666667,0.565972569783529,0.169484252929687,NaN,NaN
10.05,0.566029713948568,0.170873870849609,NaN,NaN
10.0583333333333,0.566019999186198,0.171099395751953,NaN,NaN
10.0666666666667,0.566013577779134,0.171168365478516,NaN,NaN
10.075,0.566082617441813,0.171399993896484,NaN,NaN
10.0833333333333,0.566102828979492,0.171886138916016,NaN,NaN
10.0916666666667,0.566293538411458,0.172191925048828,NaN,NaN
10.1,0.566309439341227,0.172924957275391,NaN,NaN
10.1083333333333,0.566318588256836,0.172984924316406,NaN,NaN
10.1166666666667,0.566292673746745,0.173094482421875,NaN,NaN
10.125,0.566223004659017,0.173209075927734,NaN,NaN
10.1333333333333,0.566421044667562,0.173496856689453,NaN,NaN
10.1416666666667,0.566780014038086,0.172891082763672,NaN,NaN
10.15,0.566987851460775,0.172821044921875,NaN,NaN
10.1583333333333,0.567102298736572,0.172993927001953,NaN,NaN
10.1666666666667,0.567173830668132,0.173286743164062,0.477791056036949,0.400402560830116
10.175,0.567263164520264,0.173470764160156,NaN,NaN
10.1833333333333,0.56741184870402,0.173586578369141,0.478779643774033,0.41033498942852
10.1916666666667,0.569766070048014,0.173975524902344,0.482702508568764,0.397887974977493
10.2,0.572131640116374,0.173007202148437,0.487637534737587,0.398198217153549
10.2083333333333,0.572941538492839,0.172782592773438,0.516416743397713,0.40741790831089
10.2166666666667,0.573230539957682,0.173207855224609,0.470072716474533,0.402177453041077
10.225,0.573322060902913,0.173106842041016,0.478751808404922,0.405105397105217
10.2333333333333,0.573264656066895,0.172512512207031,0.475131243467331,0.406496554613113
10.2416666666667,0.573023815155029,0.172064514160156,0.482450127601624,0.413902223110199
10.25,0.572773462931315,0.172347412109375,0.551461279392242,0.409100711345673
10.2583333333333,0.57265785853068,0.172847900390625,0.480200737714767,0.428029954433441
10.2666666666667,0.572452290852865,0.172747650146484,0.484285145998001,0.405898183584213
10.275,0.572403659820557,0.172470550537109,0.48270346224308,0.407470494508743
10.2833333333333,0.572265383402507,0.17254150390625,0.485800743103027,0.405843064188957
10.2916666666667,0.572150942484538,0.172481384277344,0.51538647711277,0.407282486557961
10.3,0.572067947387695,0.172580413818359,0.492760092020035,0.456395417451859
10.3083333333333,0.572127793629964,0.173098449707031,0.475526437163353,0.473380893468857
10.3166666666667,0.572243715922038,0.173659515380859,0.479151457548141,0.485840767621994
10.325,0.57247002919515,0.173594818115234,0.482324510812759,0.474096745252609
10.3333333333333,0.572550417582194,0.173794250488281,0.481580585241318,0.481917932629585
10.3416666666667,0.572375882466634,0.173630828857422,0.482558608055115,0.48155203461647
10.35,0.572226918538411,0.172708129882812,0.537233024835587,0.490842401981354
10.3583333333333,0.572017504374186,0.171981353759766,0.506558001041412,0.479541316628456
10.3666666666667,0.571976362864176,0.171488494873047,0.488674685359001,0.48359751701355
10.375,0.571994222005208,0.170996398925781,NaN,NaN
10.3833333333333,0.572012977600098,0.170422515869141,NaN,NaN
10.3916666666667,0.571908213297526,0.169951171875,NaN,NaN
10.4,0.571858698527018,0.169945373535156,NaN,NaN
10.4083333333333,0.571902389526367,0.169465789794922,NaN,NaN
10.4166666666667,0.57175038655599,0.169508972167969,0.547368317842484,0.50244328379631
10.425,0.571521174112956,0.170489501953125,NaN,NaN
10.4333333333333,0.571343231201172,0.171380767822266,0.558028519153595,0.496089935302734
10.4416666666667,0.57118647257487,0.171820983886719,0.498500511050224,0.470971927046776
10.45,0.571173095703125,0.172370452880859,0.552001237869263,0.506423592567444
10.4583333333333,0.57112112681071,0.172406005859375,0.487797230482101,0.469838380813599
10.4666666666667,0.571055914560954,0.173037567138672,0.486648947000504,0.491712838411331
10.475,0.570856304168701,0.173353271484375,0.557322829961777,0.49157977104187
10.4833333333333,0.570857073465983,0.172371978759766,0.477371066808701,0.479423969984055
10.4916666666667,0.57068307240804,0.172159271240234,NaN,NaN
10.5,0.570517603556315,0.172249603271484,NaN,NaN
10.5083333333333,0.57040657043457,0.172889404296875,NaN,NaN
10.5166666666667,0.570341567993164,0.172903442382813,NaN,NaN
10.525,0.570290431976318,0.172472076416016,NaN,NaN
10.5333333333333,0.570334300994873,0.17220703125,NaN,NaN
10.5416666666667,0.570281639099121,0.172037963867188,NaN,NaN
10.55,0.570325101216634,0.172524566650391,NaN,NaN
10.5583333333333,0.570422185262044,0.172496185302734,NaN,NaN
10.5666666666667,0.570419782002767,0.171961975097656,NaN,NaN
10.575,0.570366579691569,0.172231292724609,NaN,NaN
10.5833333333333,0.570291086832682,0.173388519287109,NaN,NaN
10.5916666666667,0.57023629506429,0.173794097900391,NaN,NaN
10.6,0.570257651011149,0.173988037109375,NaN,NaN
10.6083333333333,0.570233554840088,0.173496551513672,NaN,NaN
10.6166666666667,0.570224533081055,0.173781433105469,NaN,NaN
10.625,0.570205574035645,0.173993530273437,NaN,NaN
10.6333333333333,0.570125789642334,0.173280487060547,NaN,NaN
10.6416666666667,0.569927921295166,0.173495025634766,NaN,NaN
10.65,0.569719676971436,0.173356781005859,NaN,NaN
10.6583333333333,0.569497413635254,0.173260040283203,NaN,NaN
10.6666666666667,0.569348837534587,0.173425750732422,NaN,NaN
10.675,0.569254932403565,0.174149627685547,NaN,NaN
10.6833333333333,0.56907709757487,0.175547637939453,NaN,NaN
10.6916666666667,0.568940798441569,0.176417846679688,NaN,NaN
10.7,0.568933893839518,0.177165832519531,NaN,NaN
10.7083333333333,0.568959503173828,0.178025817871094,NaN,NaN
10.7166666666667,0.568978017171224,0.178818511962891,NaN,NaN
10.725,0.568995939890544,0.179493255615234,NaN,NaN
10.7333333333333,0.568816680908203,0.180607147216797,NaN,NaN
10.7416666666667,0.568544006347656,0.181357269287109,NaN,NaN
10.75,0.568544006347656,0.181357269287109,NaN,NaN
10.7583333333333,0.56812686920166,0.182167358398437,NaN,NaN
10.7666666666667,0.564796015421549,0.186539916992188,NaN,NaN
10.775,0.56310915629069,0.18634765625,NaN,NaN
10.7833333333333,0.562007751464844,0.185733337402344,NaN,NaN
10.7916666666667,0.561441993713379,0.18793212890625,NaN,NaN
10.8,0.563397846221924,0.186535339355469,NaN,NaN
10.8083333333333,0.563939615885417,0.188811798095703,NaN,NaN
10.8166666666667,0.563346951802572,0.190854949951172,NaN,NaN
10.825,0.562519607543945,0.192225952148438,NaN,NaN
10.8333333333333,0.561364186604818,0.193803558349609,NaN,NaN
10.8416666666667,0.560044949849447,0.195846557617188,NaN,NaN
10.85,0.558450476328532,0.198273620605469,NaN,NaN
10.8583333333333,0.556814441680908,0.200857696533203,NaN,NaN
10.8666666666667,0.555364621480306,0.202588195800781,NaN,NaN
10.875,0.55364714940389,0.204886474609375,NaN,NaN
10.8833333333333,0.552129147847493,0.207965393066406,NaN,NaN
10.8916666666667,0.550565115610758,0.210665740966797,NaN,NaN
10.9,0.548751112620036,0.213303375244141,NaN,NaN
10.9083333333333,0.547364438374837,0.215113220214844,NaN,NaN
10.9166666666667,0.545858872731527,0.216358947753906,NaN,NaN
10.925,0.544447561899821,0.218230133056641,NaN,NaN
10.9333333333333,0.543271643320719,0.220282211303711,NaN,NaN
10.9416666666667,0.541964403788249,0.223396224975586,NaN,NaN
10.95,0.541067021687826,0.225711441040039,NaN,NaN
10.9583333333333,0.540025221506755,0.227687683105469,NaN,NaN
10.9666666666667,0.539349333445231,0.22915771484375,NaN,NaN
10.975,0.538817087809245,0.230396499633789,NaN,NaN
10.9833333333333,0.538310826619466,0.2318359375,NaN,NaN
10.9916666666667,0.538062992095947,0.232130813598633,NaN,NaN
11,0.537777926127116,0.23289192199707,NaN,NaN
11.0083333333333,0.537446358998616,0.233743362426758,NaN,NaN
11.0166666666667,0.536809323628743,0.233892517089844,NaN,NaN
11.025,0.536559168497721,0.234586944580078,NaN,NaN
11.0333333333333,0.536337763468424,0.234501647949219,NaN,NaN
11.0416666666667,0.536176935831706,0.234609146118164,NaN,NaN
11.05,0.536179358164469,0.23444221496582,NaN,NaN
11.0583333333333,0.536137161254883,0.234459686279297,NaN,NaN
11.0666666666667,0.536415246327718,0.234771499633789,NaN,NaN
11.075,0.536554355621338,0.234455871582031,NaN,NaN
11.0833333333333,0.536816857655843,0.234553833007813,NaN,NaN
11.0916666666667,0.537119839986165,0.234392929077148,NaN,NaN
11.1,0.537405287424723,0.233362121582031,NaN,NaN
11.1083333333333,0.537405287424723,0.233362121582031,NaN,NaN
11.1166666666667,0.537635790506999,0.232983627319336,NaN,NaN
11.125,0.537718976338704,0.232574920654297,NaN,NaN
11.1333333333333,0.537841733296712,0.231764984130859,NaN,NaN
11.1416666666667,0.538086585998535,0.231225128173828,NaN,NaN
11.15,0.538238347371419,0.230329666137695,NaN,NaN
11.1583333333333,0.53843194325765,0.229655532836914,NaN,NaN
11.1666666666667,0.538504130045573,0.229117279052734,NaN,NaN
11.175,0.538554306030273,0.228389205932617,NaN,NaN
11.1833333333333,0.53877311706543,0.227795791625977,NaN,NaN
11.1916666666667,0.538811531066895,0.22737419128418,NaN,NaN
11.2,0.538862648010254,0.226606750488281,NaN,NaN
11.2083333333333,0.53891367594401,0.226750717163086,NaN,NaN
11.2166666666667,0.538914089202881,0.226664962768555,NaN,NaN
11.225,0.538894068400065,0.226727752685547,NaN,NaN
11.2333333333333,0.538979536692301,0.226795425415039,NaN,NaN
11.2416666666667,0.539171415964762,0.226604614257813,NaN,NaN
11.25,0.53931162516276,0.226311721801758,NaN,NaN
11.2583333333333,0.539360529581706,0.226258239746094,NaN,NaN
11.2666666666667,0.539399503072103,0.226354598999023,NaN,NaN
11.275,0.539455089569092,0.226027755737305,NaN,NaN
11.2833333333333,0.539498341878255,0.225140762329102,NaN,NaN
11.2916666666667,0.539557933807373,0.224903793334961,NaN,NaN
11.3,0.539351348876953,0.224032669067383,NaN,NaN
11.3083333333333,0.539044628143311,0.223985900878906,NaN,NaN
11.3166666666667,0.538622792561849,0.223676528930664,NaN,NaN
11.325,0.537966543833415,0.223076477050781,NaN,NaN
11.3333333333333,0.537352689107259,0.222228775024414,NaN,NaN
11.3416666666667,0.536658210754395,0.221699600219727,NaN,NaN
11.35,0.535793711344401,0.222073516845703,NaN,NaN
11.3583333333333,0.534904454549154,0.222020416259766,NaN,NaN
11.3666666666667,0.53378137588501,0.220893173217773,NaN,NaN
11.375,0.53259859085083,0.219650421142578,NaN,NaN
11.3833333333333,0.531233476003011,0.218223571777344,NaN,NaN
11.3916666666667,0.527910963694255,0.219738922119141,NaN,NaN
11.4,0.527910963694255,0.219738922119141,NaN,NaN
11.4083333333333,0.522834033966064,0.218392791748047,NaN,NaN
11.4166666666667,0.520898984273275,0.218407897949219,0.406493499875069,0.3402389138937
11.425,0.518730328877767,0.216973419189453,0.416924551129341,0.325037106871605
11.4333333333333,0.516372299194336,0.216171417236328,0.408239305019379,0.317247599363327
11.4416666666667,0.512557150522868,0.212815246582031,0.403463661670685,0.317957863211632
11.45,0.509161427815755,0.212923278808594,0.41315421462059,0.314805641770363
11.4583333333333,0.506360181172689,0.212603607177734,0.409252792596817,0.319455981254578
11.4666666666667,0.503609886169434,0.211903076171875,0.403214946389198,0.318892613053322
11.475,0.501248728434245,0.211509552001953,0.408832043409348,0.319338768720627
11.4833333333333,0.498594245910645,0.211699371337891,0.411144927144051,0.31976144015789
11.4916666666667,0.495769081115723,0.211742706298828,0.414959087967873,0.332172185182571
11.5,0.49281681060791,0.211487426757813,0.413301691412926,0.321317970752716
11.5083333333333,0.48987850189209,0.211837921142578,0.41834332048893,0.32437951862812
11.5166666666667,0.486589266459147,0.211649932861328,0.419399455189705,0.314046561717987
11.525,0.483419634501139,0.211360321044922,0.419693157076836,0.311766743659973
11.5333333333333,0.480260531107585,0.211126708984375,0.425753533840179,0.307710975408554
11.5416666666667,0.476974385579427,0.210179595947266,0.424263507127762,0.311329856514931
11.55,0.473864415486654,0.209875640869141,0.420266315340996,0.314514800906181
11.5583333333333,0.471127370198568,0.209002227783203,0.420730665326118,0.313618257641792
11.5666666666667,0.468453178405762,0.207962799072266,0.424664616584778,0.308635339140892
11.575,0.465456911722819,0.206912994384766,0.421352580189705,0.310003682971001
11.5833333333333,0.462389958699544,0.205735321044922,0.421009406447411,0.313805848360062
11.5916666666667,0.459220186869303,0.205031433105469,NaN,NaN
11.6,0.455988324483236,0.20431640625,NaN,NaN
11.6083333333333,0.453103981018066,0.203851928710937,NaN,NaN
11.6166666666667,0.450208257039388,0.204467315673828,NaN,NaN
11.625,0.447050819396973,0.204642333984375,NaN,NaN
11.6333333333333,0.443944282531738,0.205516815185547,NaN,NaN
11.6416666666667,0.440761604309082,0.205728759765625,NaN,NaN
11.65,0.437576726277669,0.206750183105469,NaN,NaN
11.6583333333333,0.434707845052083,0.207073669433594,NaN,NaN
11.6666666666667,0.431969896952311,0.206952819824219,NaN,NaN
11.675,0.429180170694987,0.206273956298828,NaN,NaN
11.6833333333333,0.426345545450846,0.205032043457031,NaN,NaN
11.6916666666667,0.423722585042318,0.204227600097656,NaN,NaN
11.7,0.420892944335938,0.203925933837891,NaN,NaN
11.7083333333333,0.418126118977865,0.204154663085938,NaN,NaN
11.7166666666667,0.418126118977865,0.204154663085938,NaN,NaN
11.725,0.412608400980632,0.204583740234375,NaN,NaN
11.7333333333333,0.410389696756999,0.204882507324219,NaN,NaN
11.7416666666667,0.410389696756999,0.204882507324219,NaN,NaN
11.75,0.408190155029297,0.203857727050781,NaN,NaN
11.7583333333333,0.406176567077637,0.203227691650391,NaN,NaN
11.7666666666667,0.404282544453939,0.203166046142578,NaN,NaN
11.775,0.40231335957845,0.202596130371094,NaN,NaN
11.7833333333333,0.401615308125814,0.202410888671875,NaN,NaN
11.7916666666667,0.39953000386556,0.200887756347656,NaN,NaN
11.8,0.397243588765462,0.200721282958984,NaN,NaN
11.8083333333333,0.394983990987142,0.199859008789062,NaN,NaN
11.8166666666667,0.393430391947428,0.200645904541016,NaN,NaN
11.825,0.391462643941243,0.20060791015625,NaN,NaN
11.8333333333333,0.390007031758626,0.199732208251953,NaN,NaN
11.8416666666667,0.388570289611816,0.200149993896484,NaN,NaN
11.85,0.386832008361816,0.200501708984375,NaN,NaN
11.8583333333333,0.385346234639486,0.201036376953125,NaN,NaN
11.8666666666667,0.383708966573079,0.200087432861328,NaN,NaN
11.875,0.382009010314941,0.198730926513672,NaN,NaN
11.8833333333333,0.380800743103027,0.197978668212891,NaN,NaN
11.8916666666667,0.37993226369222,0.197207183837891,NaN,NaN
11.9,0.378502184549967,0.196304473876953,NaN,NaN
11.9083333333333,0.377521909077962,0.196116485595703,NaN,NaN
11.9166666666667,0.376740023295085,0.195307922363281,NaN,NaN
11.925,0.376251614888509,0.194315490722656,NaN,NaN
11.9333333333333,0.376067593892415,0.193566589355469,NaN,NaN
11.9416666666667,0.375735054016113,0.192711944580078,NaN,NaN
11.95,0.375364570617676,0.191930236816406,NaN,NaN
11.9583333333333,0.375376981099447,0.190875854492187,NaN,NaN
11.9666666666667,0.375691312154134,0.188789520263672,NaN,NaN
11.975,0.376185061136881,0.186433563232422,NaN,NaN
11.9833333333333,0.377027804056803,0.185213470458984,NaN,NaN
11.9916666666667,0.377842572530111,0.184611053466797,NaN,NaN
12,0.378373374938965,0.183886871337891,NaN,NaN
12.0083333333333,0.378952852884928,0.183242492675781,NaN,NaN
12.0166666666667,0.379537518819173,0.183093414306641,NaN,NaN
12.025,0.380061581929525,0.182501678466797,NaN,NaN
12.0333333333333,0.380495389302572,0.180848693847656,NaN,NaN
12.0416666666667,0.381000048319499,0.179927520751953,NaN,NaN
12.05,0.381851870218913,0.178511962890625,NaN,NaN
12.0583333333333,0.382669944763184,0.178045654296875,NaN,NaN
12.0666666666667,0.383529828389486,0.178027648925781,NaN,NaN
12.075,0.384380633036296,0.178316497802734,NaN,NaN
12.0833333333333,0.385180778503418,0.178698577880859,NaN,NaN
12.0916666666667,0.385896288553874,0.178611602783203,NaN,NaN
12.1,0.386554934183757,0.179222869873047,0.800787895917892,0.257375679910183
12.1083333333333,0.387546704610189,0.178720550537109,0.387776970863342,0.300085470080376
12.1166666666667,0.388597628275553,0.178601226806641,NaN,NaN
12.125,0.389576810201009,0.178046569824219,NaN,NaN
12.1333333333333,0.390609525044759,0.177533264160156,NaN,NaN
12.1416666666667,0.391623318990072,0.177336578369141,NaN,NaN
12.15,0.392591540018717,0.177140960693359,NaN,NaN
12.1583333333333,0.393707262674967,0.176814422607422,NaN,NaN
12.1666666666667,0.394712270100911,0.176555480957031,NaN,NaN
12.175,0.395455360412598,0.177203826904297,NaN,NaN
12.1833333333333,0.396180814107259,0.177298583984375,NaN,NaN
12.1916666666667,0.397071876525879,0.177212677001953,NaN,NaN
12.2,0.397626317342122,0.177073364257813,NaN,NaN
12.2083333333333,0.398100268046061,0.176652069091797,NaN,NaN
12.2166666666667,0.398710225423177,0.177140197753906,NaN,NaN
12.225,0.399167798360189,0.176860198974609,NaN,NaN
12.2333333333333,0.399571762084961,0.176625061035156,NaN,NaN
12.2416666666667,0.399513893127441,0.175705413818359,NaN,NaN
12.25,0.399259363810221,0.175386962890625,NaN,NaN
12.2583333333333,0.399086125691732,0.175763092041016,NaN,NaN
12.2666666666667,0.398695869445801,0.176135864257812,NaN,NaN
12.275,0.398242022196452,0.17595947265625,NaN,NaN
12.2833333333333,0.397970860799154,0.176331787109375,NaN,NaN
12.2916666666667,0.397615814208984,0.176777801513672,NaN,NaN
12.3,0.397139511108398,0.177576599121094,NaN,NaN
12.3083333333333,0.396714680989583,0.178333740234375,NaN,NaN
12.3166666666667,0.39630729675293,0.178631286621094,NaN,NaN
12.325,0.395956687927246,0.179119720458984,NaN,NaN
12.3333333333333,0.395517908732096,0.179099884033203,NaN,NaN
12.3416666666667,0.393590151468913,0.179439544677734,NaN,NaN
12.35,0.392874717712402,0.178365631103516,NaN,NaN
12.3583333333333,0.392724672953288,0.178162536621094,NaN,NaN
12.3666666666667,0.394521776835124,0.181041259765625,NaN,NaN
12.375,0.39459400177002,0.180983734130859,NaN,NaN
12.3833333333333,0.394392306009928,0.182440338134766,NaN,NaN
12.3916666666667,0.394158032735189,0.182066497802734,NaN,NaN
12.4,0.393557370503744,0.181824645996094,NaN,NaN
12.4083333333333,0.393205248514811,0.181285247802734,NaN,NaN
12.4166666666667,0.393049863179525,0.180900573730469,NaN,NaN
12.425,0.393072573343913,0.180301361083984,NaN,NaN
12.4333333333333,0.393079312642415,0.179803009033203,NaN,NaN
12.4416666666667,0.392956479390462,0.179161529541016,NaN,NaN
12.45,0.39285717010498,0.179043121337891,NaN,NaN
12.4583333333333,0.392790794372559,0.178742218017578,NaN,NaN
12.4666666666667,0.392708930969238,0.178442993164063,NaN,NaN
12.475,0.392591870625814,0.178392639160156,NaN,NaN
12.4833333333333,0.392556953430176,0.178161163330078,NaN,NaN
12.4916666666667,0.392488848368327,0.178467102050781,NaN,NaN
12.5,0.392501513163249,0.178736419677734,NaN,NaN
12.5083333333333,0.392462552388509,0.178926391601563,NaN,NaN
12.5166666666667,0.392460034688314,0.178886871337891,NaN,NaN
12.525,0.3924542872111,0.179224548339844,NaN,NaN
12.5333333333333,0.392308591206869,0.17935546875,NaN,NaN
12.5416666666667,0.392234179178874,0.179447631835937,NaN,NaN
12.55,0.392374076843262,0.179691925048828,NaN,NaN
12.5583333333333,0.392456525166829,0.179655914306641,NaN,NaN
12.5666666666667,0.392723452250163,0.179629211425781,NaN,NaN
12.575,0.392994295756022,0.178655395507813,NaN,NaN
12.5833333333333,0.393364321390788,0.178827209472656,NaN,NaN
12.5916666666667,0.393662605285645,0.17900634765625,NaN,NaN
12.6,0.394047025044759,0.179433746337891,NaN,NaN
12.6083333333333,0.394217948913574,0.179350280761719,NaN,NaN
12.6166666666667,0.394689089457194,0.179279479980469,NaN,NaN
12.625,0.394689089457194,0.179279479980469,NaN,NaN
12.6333333333333,0.395169626871745,0.179128265380859,NaN,NaN
12.6416666666667,0.395792579650879,0.178973693847656,NaN,NaN
12.65,0.396457252502441,0.178678588867187,NaN,NaN
12.6583333333333,0.397130508422852,0.178780212402344,NaN,NaN
12.6666666666667,0.397625516255697,0.179011840820313,NaN,NaN
12.675,0.398021443684896,0.179391174316406,NaN,NaN
12.6833333333333,0.398459485371908,0.179867553710938,NaN,NaN
12.6916666666667,0.398891258239746,0.180516815185547,NaN,NaN
12.7,0.399225718180339,0.180446014404297,NaN,NaN
12.7083333333333,0.399663492838542,0.18067626953125,NaN,NaN
12.7166666666667,0.399876925150553,0.180530395507812,NaN,NaN
12.725,0.400043640136719,0.180549774169922,NaN,NaN
12.7333333333333,0.40009469350179,0.180596160888672,NaN,NaN
12.7416666666667,0.400288798014323,0.180204620361328,NaN,NaN
12.75,0.40039909362793,0.179971008300781,NaN,NaN
12.7583333333333,0.400475769042969,0.180110168457031,NaN,NaN
12.7666666666667,0.400536600748698,0.180381622314453,NaN,NaN
12.775,0.400376930236816,0.180995635986328,NaN,NaN
12.7833333333333,0.400405057271322,0.180856781005859,NaN,NaN
12.7916666666667,0.400318044026693,0.180704803466797,NaN,NaN
12.8,0.400103670756022,0.180456085205078,NaN,NaN
12.8083333333333,0.399885114034017,0.179969635009766,NaN,NaN
12.8166666666667,0.399631627400716,0.179820556640625,NaN,NaN
12.825,0.399397188822428,0.179794464111328,NaN,NaN
12.8333333333333,0.398976097106934,0.179893798828125,NaN,NaN
12.8416666666667,0.398597272237142,0.179609680175781,NaN,NaN
12.85,0.398054682413737,0.179526519775391,NaN,NaN
12.8583333333333,0.397661298116048,0.179700317382812,NaN,NaN
12.8666666666667,0.397366892496745,0.179955596923828,NaN,NaN
12.875,0.397065569559733,0.180173034667969,NaN,NaN
12.8833333333333,0.39678098042806,0.180442962646484,NaN,NaN
12.8916666666667,0.396558418273926,0.180672912597656,NaN,NaN
12.9,0.396300252278646,0.180934906005859,NaN,NaN
12.9083333333333,0.396153717041016,0.181213531494141,NaN,NaN
12.9166666666667,0.396059722900391,0.181399078369141,NaN,NaN
12.925,0.395817832946777,0.181932983398438,NaN,NaN
12.9333333333333,0.395672480265299,0.182353210449219,NaN,NaN
12.9416666666667,0.395716133117676,0.182478179931641,NaN,NaN
12.95,0.395731341044108,0.18233154296875,NaN,NaN
12.9583333333333,0.395686785380046,0.182970886230469,NaN,NaN
12.9666666666667,0.39541389465332,0.182854156494141,NaN,NaN
12.975,0.39541389465332,0.182854156494141,NaN,NaN
12.9833333333333,0.394424044291178,0.184978485107422,NaN,NaN
12.9916666666667,0.3939533106486,0.185544586181641,NaN,NaN
13,0.393463427225749,0.184677276611328,NaN,NaN
13.0083333333333,0.393430035909017,0.184736785888672,NaN,NaN
13.0166666666667,0.3936687596639,0.185994415283203,NaN,NaN
13.025,0.394141604105631,0.187580413818359,NaN,NaN
13.0333333333333,0.394585024515788,0.189410705566406,NaN,NaN
13.0416666666667,0.394607836405436,0.191304016113281,NaN,NaN
13.05,0.394781723022461,0.192848815917969,NaN,NaN
13.0583333333333,0.394979197184245,0.193685913085938,NaN,NaN
13.0666666666667,0.395065574645996,0.194078521728516,NaN,NaN
13.075,0.395149332682292,0.194333953857422,NaN,NaN
13.0833333333333,0.395267969767253,0.194459991455078,NaN,NaN
13.0916666666667,0.395269711812337,0.194543914794922,NaN,NaN
13.1,0.395269088745117,0.194614410400391,NaN,NaN
13.1083333333333,0.395217514038086,0.194728088378906,NaN,NaN
13.1166666666667,0.395135536193848,0.194602203369141,NaN,NaN
13.125,0.395200564066569,0.194365386962891,NaN,NaN
13.1333333333333,0.395216814676921,0.194659576416016,NaN,NaN
13.1416666666667,0.39524107615153,0.195170593261719,NaN,NaN
13.15,0.395343386332194,0.195355834960937,NaN,NaN
13.1583333333333,0.395270779927572,0.196786193847656,NaN,NaN
13.1666666666667,0.395082499186198,0.196761779785156,NaN,NaN
13.175,0.39492805480957,0.196866302490234,NaN,NaN
13.1833333333333,0.39477409362793,0.196761779785156,NaN,NaN
13.1916666666667,0.394649035135905,0.196523284912109,NaN,NaN
13.2,0.394438718159993,0.196079559326172,NaN,NaN
13.2083333333333,0.394255612691243,0.196138305664063,NaN,NaN
13.2166666666667,0.39412535349528,0.197026824951172,NaN,NaN
13.225,0.393977368672689,0.196920928955078,NaN,NaN
13.2333333333333,0.393832461039225,0.196493377685547,NaN,NaN
13.2416666666667,0.393562609354655,0.196365051269531,NaN,NaN
13.25,0.393238690694173,0.196574249267578,NaN,NaN
13.2583333333333,0.392976926167806,0.196790618896484,NaN,NaN
13.2666666666667,0.392637672424316,0.197070465087891,NaN,NaN
13.275,0.392287584940592,0.196786346435547,NaN,NaN
13.2833333333333,0.392057685852051,0.196599884033203,NaN,NaN
13.2916666666667,0.392262891133626,0.195540466308594,NaN,NaN
13.3,0.392262891133626,0.195540466308594,NaN,NaN
13.3083333333333,0.388657646179199,0.192166137695313,NaN,NaN
13.3166666666667,0.39018138885498,0.191219787597656,NaN,NaN
13.325,0.387298647562663,0.192680969238281,NaN,NaN
13.3333333333333,0.388985455830892,0.190669708251953,NaN,NaN
13.3416666666667,0.386508242289225,0.189635314941406,NaN,NaN
13.35,0.386529426574707,0.188817749023438,NaN,NaN
13.3583333333333,0.388000958760579,0.188419342041016,NaN,NaN
13.3666666666667,0.387867215474447,0.189681854248047,NaN,NaN
13.375,0.386670468648275,0.190177154541016,NaN,NaN
13.3833333333333,0.385458717346191,0.190713043212891,NaN,NaN
13.3916666666667,0.383897183736165,0.189886322021484,NaN,NaN
13.4,0.382542584737142,0.189473266601562,NaN,NaN
13.4083333333333,0.381210517883301,0.189115295410156,NaN,NaN
13.4166666666667,0.38023998260498,0.188665771484375,NaN,NaN
13.425,0.379345385233561,0.187380065917969,NaN,NaN
13.4333333333333,0.377657457987467,0.187616882324219,NaN,NaN
13.4416666666667,0.375573870340983,0.187026977539062,NaN,NaN
13.45,0.373585370381673,0.186574401855469,NaN,NaN
13.4583333333333,0.372117602030436,0.185698394775391,NaN,NaN
13.4666666666667,0.370640602111816,0.185732116699219,NaN,NaN
13.475,0.369251925150553,0.184782562255859,NaN,NaN
13.4833333333333,0.368092562357585,0.184140319824219,NaN,NaN
13.4916666666667,0.366851997375488,0.183714294433594,NaN,NaN
13.5,0.36537654876709,0.183140716552734,NaN,NaN
13.5083333333333,0.36376043955485,0.184040222167969,NaN,NaN
13.5166666666667,0.362106819152832,0.183982849121094,NaN,NaN
13.525,0.360344225565592,0.18344482421875,NaN,NaN
13.5333333333333,0.358416938781738,0.182826080322266,NaN,NaN
13.5416666666667,0.356832262674967,0.181980285644531,NaN,NaN
13.55,0.355214347839355,0.181342620849609,NaN,NaN
13.5583333333333,0.353570874532064,0.180230560302734,NaN,NaN
13.5666666666667,0.351425565083822,0.178695831298828,NaN,NaN
13.575,0.349125836690267,0.178125152587891,NaN,NaN
13.5833333333333,0.349125836690267,0.178125152587891,NaN,NaN
13.5916666666667,0.347635943094889,0.178517303466797,NaN,NaN
13.6,0.346157290140788,0.179201354980469,NaN,NaN
13.6083333333333,0.344606997172038,0.178946075439453,NaN,NaN
13.6166666666667,0.343132336934408,0.179055786132812,NaN,NaN
13.625,0.341562589009603,0.180094146728516,NaN,NaN
13.6333333333333,0.339988339742025,0.180941772460937,NaN,NaN
13.6416666666667,0.3373894627889,0.182436065673828,NaN,NaN
13.65,0.3373894627889,0.182436065673828,NaN,NaN
13.6583333333333,0.335466245015462,0.183179779052734,NaN,NaN
13.6666666666667,0.333882128397624,0.182960510253906,NaN,NaN
13.675,0.332630755106608,0.184182281494141,NaN,NaN
13.6833333333333,0.331395022074382,0.18479736328125,NaN,NaN
13.6916666666667,0.329397214253743,0.184636688232422,NaN,NaN
13.7,0.329397214253743,0.184636688232422,NaN,NaN
13.7083333333333,0.327563540140788,0.184134063720703,NaN,NaN
13.7166666666667,0.326029980977376,0.183630065917969,NaN,NaN
13.725,0.324666608174642,0.183240203857422,NaN,NaN
13.7333333333333,0.323392677307129,0.182472229003906,NaN,NaN
13.7416666666667,0.323392677307129,0.182472229003906,NaN,NaN
13.75,0.321983350118001,0.180761260986328,NaN,NaN
13.7583333333333,0.320542538960775,0.179931640625,NaN,NaN
13.7666666666667,0.318860562642415,0.179412536621094,NaN,NaN
13.775,0.317668520609538,0.178275604248047,NaN,NaN
13.7833333333333,0.316671867370605,0.177294616699219,NaN,NaN
13.7916666666667,0.315310478210449,0.175835113525391,NaN,NaN
13.8,0.315310478210449,0.175835113525391,NaN,NaN
13.8083333333333,0.31419376373291,0.174679565429688,NaN,NaN
13.8166666666667,0.313135261535645,0.173884887695313,NaN,NaN
13.825,0.31217227935791,0.173361358642578,NaN,NaN
13.8333333333333,0.311293780008952,0.172758941650391,NaN,NaN
13.8416666666667,0.310612373352051,0.172205963134766,NaN,NaN
13.85,0.309809761047363,0.171824340820313,NaN,NaN
13.8583333333333,0.309074160257975,0.171916961669922,NaN,NaN
13.8666666666667,0.309074160257975,0.171916961669922,NaN,NaN
13.875,0.308460960388184,0.172375793457031,NaN,NaN
13.8833333333333,0.307922426859538,0.172564849853516,NaN,NaN
13.8916666666667,0.300586433410645,0.172610778808594,NaN,NaN
13.9,0.305940208435059,0.167722473144531,NaN,NaN
13.9083333333333,0.300953178405762,0.172542114257813,NaN,NaN
13.9166666666667,0.306041399637858,0.172745666503906,NaN,NaN
13.925,0.30659252166748,0.175324249267578,NaN,NaN
13.9333333333333,0.298839836120605,0.174940643310547,NaN,NaN
13.9416666666667,0.298839836120605,0.174940643310547,NaN,NaN
13.95,0.304013760884603,0.171688079833984,NaN,NaN
13.9583333333333,0.298295733133952,0.171711120605469,NaN,NaN
13.9666666666667,0.30248348236084,0.168889923095703,NaN,NaN
13.975,0.297336489359538,0.169748382568359,NaN,NaN
13.9833333333333,0.302574780782064,0.169680938720703,NaN,NaN
13.9916666666667,0.303107693990072,0.168868408203125,NaN,NaN
14,0.303018760681152,0.169474639892578,NaN,NaN
14.0083333333333,0.303018760681152,0.169474639892578,NaN,NaN
14.0166666666667,0.302951978047689,0.169591827392578,NaN,NaN
14.025,0.302669156392415,0.169610748291016,NaN,NaN
14.0333333333333,0.302254117329915,0.169093322753906,NaN,NaN
14.0416666666667,0.301842053731283,0.168558502197266,NaN,NaN
14.05,0.301352068583171,0.167369232177734,NaN,NaN
14.0583333333333,0.300945472717285,0.166869659423828,NaN,NaN
14.0666666666667,0.300819129943848,0.16730712890625,NaN,NaN
14.075,0.300390434265137,0.166880035400391,NaN,NaN
14.0833333333333,0.299932238260905,0.166941680908203,NaN,NaN
14.0916666666667,0.299457105000814,0.166754302978516,NaN,NaN
14.1,0.299021975199382,0.166234741210938,NaN,NaN
14.1083333333333,0.298506304423014,0.165124664306641,NaN,NaN
14.1166666666667,0.298002510070801,0.164416961669922,NaN,NaN
14.125,0.297451489766439,0.164077453613281,NaN,NaN
14.1333333333333,0.296957257588704,0.164169158935547,NaN,NaN
14.1416666666667,0.296395327250163,0.163863983154297,NaN,NaN
14.15,0.295858777364095,0.163826446533203,NaN,NaN
14.1583333333333,0.295392265319824,0.164102478027344,NaN,NaN
14.1666666666667,0.295029563903809,0.16495361328125,NaN,NaN
14.175,0.29440621693929,0.164788055419922,NaN,NaN
14.1833333333333,0.293994941711426,0.165716552734375,NaN,NaN
14.1916666666667,0.293497606913249,0.166511688232422,NaN,NaN
14.2,0.292856330871582,0.166420135498047,NaN,NaN
14.2083333333333,0.292155418395996,0.166623840332031,NaN,NaN
14.2166666666667,0.291504834493001,0.167148590087891,NaN,NaN
14.225,0.290992215474447,0.167398071289062,NaN,NaN
14.2333333333333,0.290770479838053,0.167431488037109,NaN,NaN
14.2416666666667,0.29044734954834,0.167674407958984,NaN,NaN
14.25,0.290185101826986,0.168048706054687,NaN,NaN
14.2583333333333,0.28977965037028,0.167733764648437,NaN,NaN
14.2666666666667,0.289903577168783,0.1683837890625,NaN,NaN
14.275,0.289761924743652,0.168512573242187,NaN,NaN
14.2833333333333,0.289724718729655,0.168648529052734,NaN,NaN
14.2916666666667,0.289290936787923,0.169319305419922,NaN,NaN
14.3,0.288940213521322,0.169374694824219,NaN,NaN
14.3083333333333,0.288912798563639,0.169634704589844,NaN,NaN
14.3166666666667,0.288765652974447,0.169781341552734,NaN,NaN
14.325,0.288765652974447,0.169781341552734,NaN,NaN
14.3333333333333,0.288815803527832,0.170280303955078,NaN,NaN
14.3416666666667,0.28874698638916,0.170201263427734,NaN,NaN
14.35,0.289150886535645,0.170568389892578,NaN,NaN
14.3583333333333,0.289620882670085,0.171494903564453,NaN,NaN
14.3666666666667,0.290087954203288,0.171883087158203,NaN,NaN
14.375,0.290087954203288,0.171883087158203,NaN,NaN
14.3833333333333,0.290335502624512,0.172098846435547,NaN,NaN
14.3916666666667,0.290637906392415,0.172600708007812,NaN,NaN
14.4,0.290911954243978,0.172793731689453,NaN,NaN
14.4083333333333,0.290631624857585,0.172775421142578,NaN,NaN
14.4166666666667,0.29045726776123,0.173756713867187,NaN,NaN
14.425,0.29045726776123,0.173756713867187,NaN,NaN
14.4333333333333,0.290381278991699,0.173933258056641,NaN,NaN
14.4416666666667,0.290381278991699,0.173933258056641,NaN,NaN
14.45,0.290474230448405,0.174067535400391,NaN,NaN
14.4583333333333,0.29069886525472,0.174751129150391,NaN,NaN
14.4666666666667,0.291009483337402,0.174868621826172,NaN,NaN
14.475,0.291009483337402,0.174868621826172,NaN,NaN
14.4833333333333,0.291144549051921,0.174754791259766,NaN,NaN
14.4916666666667,0.291093050638835,0.174175567626953,NaN,NaN
14.5,0.291051038106283,0.173957366943359,NaN,NaN
14.5083333333333,0.291220944722493,0.174073638916016,NaN,NaN
14.5166666666667,0.291223157246908,0.173900299072266,NaN,NaN
14.525,0.287169227600098,0.176657867431641,NaN,NaN
14.5333333333333,0.289576174418132,0.172803039550781,NaN,NaN
14.5416666666667,0.283385874430339,0.175435943603516,NaN,NaN
14.55,0.289092292785645,0.168881683349609,NaN,NaN
14.5583333333333,0.283569641113281,0.174228820800781,NaN,NaN
14.5666666666667,0.288472938537598,0.169458465576172,NaN,NaN
14.575,0.283042246500651,0.171191864013672,NaN,NaN
14.5833333333333,0.121989034016927,0,NaN,NaN
14.5916666666667,0.130923411051432,0,NaN,NaN
14.6,0.134962666829427,0,NaN,NaN
14.6083333333333,0.13553471883138,0,NaN,NaN
14.6166666666667,0.134040018717448,0,NaN,NaN
14.625,0.132521464029948,0,NaN,NaN
14.6333333333333,0.131685638427734,0,NaN,NaN
14.6416666666667,0.130872701009115,0,NaN,NaN
14.65,0.129880777994792,0,NaN,NaN
14.6583333333333,0.128900807698568,0,NaN,NaN
14.6666666666667,0.128165384928385,0,NaN,NaN
14.675,0.126985982259115,0,NaN,NaN
14.6833333333333,0.126105346679687,0,NaN,NaN
14.6916666666667,0.124814758300781,0,NaN,NaN
14.7,0.120715535481771,0,NaN,NaN
14.7083333333333,0.117076110839844,0,NaN,NaN
14.7166666666667,0.112435862223307,0,NaN,NaN
14.725,0.109974670410156,0,NaN,NaN
14.7333333333333,0.105987803141276,0,NaN,NaN
14.7416666666667,0.104037882486979,0,NaN,NaN
14.75,0.103041483561198,0,NaN,NaN
14.7583333333333,0.102164255777995,0,NaN,NaN
14.7666666666667,0.0993406168619791,0,NaN,NaN
14.775,0.0986190795898437,0,NaN,NaN
14.7833333333333,0.0955633544921875,0,NaN,NaN
14.7916666666667,0.0950738525390625,0,NaN,NaN
14.8,0.0918024190266927,0,NaN,NaN
14.8083333333333,0.0918024190266927,0,NaN,NaN
14.8166666666667,0.0887177022298177,0,NaN,NaN
14.825,0.0891743977864584,0,NaN,NaN
14.8333333333333,0.0886117045084636,0,NaN,NaN
14.8416666666667,0.0900294494628906,0,NaN,NaN
14.85,0.0877311706542969,0,NaN,NaN
14.8583333333333,0.0898026529947917,0,NaN,NaN
14.8666666666667,0.0877032470703125,0,NaN,NaN
14.875,0.0874771626790364,0,NaN,NaN
14.8833333333333,0.0863092041015625,0,NaN,NaN
14.8916666666667,0.0881607055664063,0,NaN,NaN
14.9,0.0870180257161458,0,NaN,NaN
14.9083333333333,0.0882257588704427,0,NaN,NaN
14.9166666666667,0.0860868835449219,0,NaN,NaN
14.925,0.0851617940266927,0,NaN,NaN
14.9333333333333,0.0852317810058594,0,NaN,NaN
14.9416666666667,0.0829290262858073,0,NaN,NaN
14.95,0.0815728251139323,0,NaN,NaN
14.9583333333333,0.079122314453125,0,NaN,NaN
14.9666666666667,0.0765522257486979,0,NaN,NaN
14.975,0.0764915466308594,0,NaN,NaN
14.9833333333333,0.0760414632161459,0,NaN,NaN
14.9916666666667,0.0753011576334636,0,NaN,NaN
15,0.0741848754882812,0,NaN,NaN
15.0083333333333,0.0730256144205729,0,NaN,NaN
15.0166666666667,0.0721904500325521,0,NaN,NaN
15.025,0.071404062906901,0,NaN,NaN
15.0333333333333,0.0708563741048177,0,NaN,NaN
15.0416666666667,0.070615488688151,0,NaN,NaN
15.05,0.0711935424804688,0,NaN,NaN
15.0583333333333,0.0712270609537761,0,NaN,NaN
15.0666666666667,0.0710009256998698,0,NaN,NaN
15.075,0.0703756205240885,0,NaN,NaN
15.0833333333333,0.0698685709635417,0,NaN,NaN
15.0916666666667,0.0691733805338542,0,NaN,NaN
15.1,0.0684260050455729,0,NaN,NaN
15.1083333333333,0.0680669148763021,0,NaN,NaN
15.1166666666667,0.0673258972167969,0,NaN,NaN
15.125,0.0667250061035156,0,NaN,NaN
15.1333333333333,0.0660055541992188,0,NaN,NaN
15.1416666666667,0.0653807576497396,0,NaN,NaN
15.15,0.0647095743815104,0,NaN,NaN
15.1583333333333,0.0637564086914063,0,NaN,NaN
15.1666666666667,0.0629017130533854,0,NaN,NaN
15.175,0.0617759704589844,0,NaN,NaN
15.1833333333333,0.0614901224772135,0,NaN,NaN
15.1916666666667,0.0611683146158854,0,NaN,NaN
15.2,0.0613995869954427,0,NaN,NaN
15.2083333333333,0.0617752583821615,0,NaN,NaN
15.2166666666667,0.0627261352539062,0,NaN,NaN
15.225,0.0636008707682292,0,NaN,NaN
15.2333333333333,0.0636008707682292,0,NaN,NaN
15.2416666666667,0.0642606099446615,0,NaN,NaN
15.25,0.0646196492513021,0,NaN,NaN
15.2583333333333,0.0642609659830729,0,NaN,NaN
15.2666666666667,0.0633525085449219,0,NaN,NaN
15.275,0.0630367024739583,0,NaN,NaN
15.2833333333333,0.0612691752115885,0,NaN,NaN
15.2916666666667,0.0603966267903646,0,NaN,NaN
15.3,0.060361328125,0,NaN,NaN
15.3083333333333,0.0593828328450521,0,NaN,NaN
15.3166666666667,0.0592457071940104,0,NaN,NaN
15.325,0.0592457071940104,0,NaN,NaN
15.3333333333333,0.059409434000651,0,NaN,NaN
15.3416666666667,0.0592203776041667,0,NaN,NaN
15.35,0.0590938313802084,0,NaN,NaN
15.3583333333333,0.0576349894205729,0,NaN,NaN
15.3666666666667,0.0571534729003906,0,NaN,NaN
15.375,0.0577150472005208,0,NaN,NaN
15.3833333333333,0.0561244710286458,0,NaN,NaN
15.3916666666667,0.0557258097330729,0,NaN,NaN
15.4,0.0548250834147135,0,NaN,NaN
15.4083333333333,0.0539165242513021,0,NaN,NaN
15.4166666666667,0.0536317952473958,0,NaN,NaN
15.425,0.0536336263020833,0,NaN,NaN
15.4333333333333,0.0547283935546875,0,NaN,NaN
15.4416666666667,0.0566481526692708,0,NaN,NaN
15.45,0.0596122741699219,0,NaN,NaN
15.4583333333333,0.0618516540527344,0,NaN,NaN
15.4666666666667,0.0638866170247396,0,NaN,NaN
15.475,0.0639363098144531,0,NaN,NaN
15.4833333333333,0.0632177225748698,0,NaN,NaN
15.4916666666667,0.0631105550130208,0,NaN,NaN
15.5,0.0675830078125,0,NaN,NaN
15.5083333333333,0.0675830078125,0,NaN,NaN
15.5166666666667,0.0684525044759114,0,NaN,NaN
15.525,0.0693806966145833,0,NaN,NaN
15.5333333333333,0.0701773579915365,0,NaN,NaN
15.5416666666667,0.0734779866536459,0,NaN,NaN
15.55,0.0776140340169271,0,NaN,NaN
15.5583333333333,0.0806686401367188,0,NaN,NaN
15.5666666666667,0.0830137634277344,0,NaN,NaN
15.575,0.0865896606445313,0,NaN,NaN
15.5833333333333,0.0865896606445313,0,NaN,NaN
15.5916666666667,0.0915937296549479,0,NaN,NaN
15.6,0.0931048075358073,0,NaN,NaN
15.6083333333333,0.0938839213053386,0,NaN,NaN
15.6166666666667,0.0937526448567708,0,NaN,NaN
15.625,0.093505859375,0,NaN,NaN
15.6333333333333,0.0924368286132812,0,NaN,NaN
15.6416666666667,0.09221923828125,0,NaN,NaN
15.65,0.0923294067382813,0,NaN,NaN
15.6583333333333,0.0927206420898438,0,NaN,NaN
15.6666666666667,0.0929237365722656,0,NaN,NaN
15.675,0.0929889424641927,0,NaN,NaN
15.6833333333333,0.0932295227050781,0,NaN,NaN
15.6916666666667,0.0942240905761719,0,NaN,NaN
15.7,0.0946967061360677,0,NaN,NaN
15.7083333333333,0.0946967061360677,0,NaN,NaN
15.7166666666667,0.0957620747884115,0,NaN,NaN
15.725,0.0967872111002604,0,NaN,NaN
15.7333333333333,0.0981442260742187,0,NaN,NaN
15.7416666666667,0.0992926534016927,0,NaN,NaN
15.75,0.0992926534016927,0,NaN,NaN
15.7583333333333,0.0993305460611979,0,NaN,NaN
15.7666666666667,0.0994050089518229,0,NaN,NaN
15.775,0.0994009908040365,0,NaN,NaN
15.7833333333333,0.566316223144531,0.41197265625,NaN,NaN
15.7916666666667,0.567551822662353,0.42091552734375,NaN,NaN
15.8,0.569354476928711,0.425645217895508,NaN,NaN
15.8083333333333,0.57159486134847,0.429346771240234,NaN,NaN
15.8166666666667,0.573655637105306,0.432757720947266,NaN,NaN
15.825,0.575506757100423,0.435648498535156,NaN,NaN
15.8333333333333,0.577784214019775,0.436244201660156,NaN,NaN
15.8416666666667,0.580365308125814,0.440506210327148,NaN,NaN
15.85,0.583105525970459,0.445524291992187,NaN,NaN
15.8583333333333,0.586411476135254,0.451321182250977,NaN,NaN
15.8666666666667,0.589481201171875,0.458637237548828,NaN,NaN
15.875,0.592658831278483,0.465849151611328,0.283420145511627,0.314096912741661
15.8833333333333,0.596141630808512,0.472377014160156,0.287922248244286,0.297299444675446
15.8916666666667,0.599380944569906,0.479773559570313,0.298646584153175,0.301354184746742
15.9,0.602569109598796,0.487227478027344,0.284686341881752,0.297896042466164
15.9083333333333,0.605569337209066,0.495030670166016,0.291696131229401,0.314371511340141
15.9166666666667,0.609089444478353,0.502713851928711,0.285557016730309,0.315689206123352
15.925,0.612105127970378,0.509175262451172,0.289338275790215,0.30826897919178
15.9333333333333,0.615221888224284,0.5156591796875,0.284502997994423,0.304716482758522
15.9416666666667,0.618405176798503,0.523276062011719,0.295590475201607,0.299637913703918
15.95,0.621622695922852,0.532455062866211,0.350114598870277,0.355182260274887
15.9583333333333,0.624592145284017,0.541199264526367,0.434058874845505,0.402237832546234
15.9666666666667,0.626872138977051,0.549804611206055,0.492519736289978,0.440584734082222
15.975,0.629265441894531,0.558208084106445,0.501215502619743,0.441955208778381
15.9833333333333,0.631451988220215,0.565704956054688,0.487067833542824,0.458958223462105
15.9916666666667,0.633685862223307,0.571756744384766,0.483004733920097,0.454690039157867
16,0.635755742390951,0.57796875,0.490724489092827,0.450813680887222
16.0083333333333,0.637432988484701,0.584162521362305,0.491327911615372,0.448168560862541
16.0166666666667,0.639145215352376,0.589092178344726,0.482133746147156,0.445869073271751
16.025,0.640743840535482,0.593416595458984,0.485938638448715,0.456793367862701
16.0333333333333,0.642121976216634,0.597400283813477,0.486420452594757,0.449823081493378
16.0416666666667,0.643310152689616,0.599890441894531,0.482905581593513,0.457242608070374
16.05,0.644257049560547,0.600225219726563,0.48297518491745,0.451875612139702
16.0583333333333,0.64478266398112,0.599654159545898,0.487654179334641,0.445214286446571
16.0666666666667,0.645064277648926,0.599011154174805,0.490127384662628,0.458454549312592
16.075,0.644716466267904,0.597315979003906,0.478373870253563,0.460185885429382
16.0833333333333,0.644309768676758,0.59614387512207,0.483293190598488,0.454932242631912
16.0916666666667,0.643133366902669,0.594988861083984,0.490986004471779,0.449715360999107
16.1,0.641589317321777,0.593559799194336,0.477687060832977,0.455013245344162
16.1083333333333,0.641589317321777,0.593559799194336,0.424280449748039,0.436444565653801
16.1166666666667,0.640058924357096,0.592326126098633,0.382744431495667,0.422673314809799
16.125,0.637994842529297,0.589641876220703,0.372147083282471,0.423337548971176
16.1333333333333,0.636001040140788,0.586517333984375,0.361387863755226,0.409053727984428
16.1416666666667,0.633412132263184,0.584085006713867,0.366599395871162,0.42305800318718
16.15,0.630194218953451,0.587010879516602,0.371568113565445,0.418670982122421
16.1583333333333,0.62332997639974,0.585699691772461,0.367235571146011,0.415018156170845
16.1666666666667,0.619564310709635,0.583935394287109,0.366613626480103,0.42225170135498
16.175,0.615624389648437,0.58045654296875,0.363117814064026,0.40900944173336
16.1833333333333,0.611309903462728,0.576492462158203,NaN,NaN
16.1916666666667,0.606673177083333,0.572589645385742,NaN,NaN
16.2,0.601463718414307,0.568887329101562,NaN,NaN
16.2083333333333,0.596242059071859,0.565616149902344,NaN,NaN
16.2166666666667,0.590960833231608,0.560803756713867,NaN,NaN
16.225,0.586023642222087,0.552321472167969,NaN,NaN
16.2333333333333,0.580888888041178,0.544164276123047,NaN,NaN
16.2416666666667,0.575567741394043,0.536699905395508,NaN,NaN
16.25,0.569759190877279,0.530248718261719,NaN,NaN
16.2583333333333,0.563838183085124,0.525355377197266,NaN,NaN
16.2666666666667,0.557787634531657,0.521079025268555,NaN,NaN
16.275,0.5521116065979,0.517137603759766,0.352493077516556,0.411176413297653
16.2833333333333,0.546002578735352,0.511750259399414,0.359221413731575,0.420563116669655
16.2916666666667,0.540700295766195,0.505524520874023,0.352006688714027,0.403497904539108
16.3,0.535077794392904,0.498551940917969,0.350127637386322,0.403814122080803
16.3083333333333,0.529308064778646,0.490392913818359,0.340449541807175,0.410687178373337
16.3166666666667,0.523231245676676,0.482741775512695,0.348473772406578,0.402475789189339
16.325,0.517457542419434,0.475831985473633,0.344689309597015,0.421822920441628
16.3333333333333,0.511805038452148,0.469399490356445,0.348273128271103,0.413181364536285
16.3416666666667,0.506360155741374,0.463475112915039,NaN,NaN
16.35,0.500317166646322,0.456537857055664,NaN,NaN
16.3583333333333,0.494662017822266,0.449289779663086,NaN,NaN
16.3666666666667,0.489398536682129,0.442937774658203,NaN,NaN
16.375,0.484733632405599,0.437104949951172,NaN,NaN
16.3833333333333,0.480429662068685,0.431085052490234,NaN,NaN
16.3916666666667,0.476029841105143,0.42569450378418,NaN,NaN
16.4,0.471706988016764,0.420762100219727,NaN,NaN
16.4083333333333,0.466990496317546,0.415973052978516,NaN,NaN
16.4166666666667,0.462185122172038,0.410699996948242,NaN,NaN
16.425,0.45807497660319,0.405370254516602,NaN,NaN
16.4333333333333,0.454443804423014,0.40016242980957,NaN,NaN
16.4416666666667,0.450961469014486,0.395249862670899,NaN,NaN
16.45,0.44764643351237,0.391727752685547,NaN,NaN
16.4583333333333,0.444002113342285,0.387391357421875,NaN,NaN
16.4666666666667,0.440393028259277,0.383600769042969,NaN,NaN
16.475,0.436547215779622,0.380560607910156,NaN,NaN
16.4833333333333,0.432276089986165,0.37879638671875,NaN,NaN
16.4916666666667,0.429103342692057,0.376090393066406,NaN,NaN
16.5,0.426021105448405,0.372624359130859,NaN,NaN
16.5083333333333,0.422857678731282,0.368290939331055,NaN,NaN
16.5166666666667,0.418432197570801,0.361115417480469,NaN,NaN
16.525,0.409900372823079,0.357682952880859,NaN,NaN
16.5333333333333,0.406207796732585,0.357232971191406,NaN,NaN
16.5416666666667,0.402942492167155,0.355655364990234,NaN,NaN
16.55,0.39961119333903,0.353738174438477,NaN,NaN
16.5583333333333,0.396504224141439,0.350392913818359,NaN,NaN
16.5666666666667,0.39339786529541,0.346960830688477,NaN,NaN
16.575,0.390736274719238,0.343747940063477,NaN,NaN
16.5833333333333,0.387668520609538,0.34171257019043,NaN,NaN
16.5916666666667,0.384467989603678,0.340636978149414,NaN,NaN
16.6,0.381114718119303,0.339549942016602,NaN,NaN
16.6083333333333,0.377528190612793,0.338874053955078,NaN,NaN
16.6166666666667,0.168970133463542,0,NaN,NaN
16.625,0.174641367594401,0,NaN,NaN
16.6333333333333,0.176597544352214,0,NaN,NaN
16.6416666666667,0.174143778483073,0,NaN,NaN
16.65,0.167635243733724,0,NaN,NaN
16.6583333333333,0.158078460693359,0,NaN,NaN
16.6666666666667,0.148546600341797,0,NaN,NaN
16.675,0.139317067464193,0,NaN,NaN
16.6833333333333,0.131957346598307,0,NaN,NaN
16.6916666666667,0.127081146240234,0,NaN,NaN
16.7,0.123123321533203,0,NaN,NaN
16.7083333333333,0.120079701741536,0,NaN,NaN
16.7166666666667,0.116481323242188,0,NaN,NaN
16.725,0.113399200439453,0,NaN,NaN
16.7333333333333,0.110550638834635,0,NaN,NaN
16.7416666666667,0.107371012369792,0,NaN,NaN
16.75,0.104458872477214,0,NaN,NaN
16.7583333333333,0.101769510904948,0,NaN,NaN
16.7666666666667,0.09869873046875,0,NaN,NaN
16.775,0.0957254028320312,0,NaN,NaN
16.7833333333333,0.0930407206217448,0,NaN,NaN
16.7916666666667,0.0903047688802083,0,NaN,NaN
16.8,0.0885240173339844,0,NaN,NaN
16.8083333333333,0.0873948160807292,0,NaN,NaN
16.8166666666667,0.0858897399902344,0,NaN,NaN
16.825,0.084871826171875,0,NaN,NaN
16.8333333333333,0.0841858927408854,0,NaN,NaN
16.8416666666667,0.0833186340332031,0,NaN,NaN
16.85,0.082852783203125,0,NaN,NaN
16.8583333333333,0.0822587585449219,0,NaN,NaN
16.8666666666667,0.081670888264974,0,NaN,NaN
16.875,0.0807191467285156,0,NaN,NaN
16.8833333333333,0.0804275512695313,0,NaN,NaN
16.8916666666667,0.0799640909830729,0,NaN,NaN
16.9,0.0798016357421875,0,NaN,NaN
16.9083333333333,0.0802234903971354,0,NaN,NaN
16.9166666666667,0.0804548136393229,0,NaN,NaN
16.925,0.0813751729329427,0,NaN,NaN
16.9333333333333,0.0813751729329427,0,NaN,NaN
16.9416666666667,0.0812038675944011,0,NaN,NaN
16.95,0.0810551961263021,0,NaN,NaN
16.9583333333333,0.0797560119628906,0,NaN,NaN
16.9666666666667,0.0788228861490886,0,NaN,NaN
16.975,0.0775544230143229,0,NaN,NaN
16.9833333333333,0.0763122049967448,0,NaN,NaN
16.9916666666667,0.0754122924804688,0,NaN,NaN
17,0.0739923604329427,0,NaN,NaN
17.0083333333333,0.0731802876790364,0,NaN,NaN
17.0166666666667,0.0725261942545573,0,NaN,NaN
17.025,0.072140858968099,0,NaN,NaN
17.0333333333333,0.0707372538248698,0,NaN,NaN
17.0416666666667,0.0702032979329427,0,NaN,NaN
17.05,0.0694788106282552,0,NaN,NaN
17.0583333333333,0.068929697672526,0,NaN,NaN
17.0666666666667,0.0675904846191406,0,NaN,NaN
17.075,0.0658126831054687,0,NaN,NaN
17.0833333333333,0.0647023010253907,0,NaN,NaN
17.0916666666667,0.0640700276692708,0,NaN,NaN
17.1,0.0637179056803385,0,NaN,NaN
17.1083333333333,0.0648892211914063,0,NaN,NaN
17.1166666666667,0.0671270243326823,0,NaN,NaN
17.125,0.0666420491536459,0,NaN,NaN
17.1333333333333,0.0673161824544271,0,NaN,NaN
17.1416666666667,0.0668004353841146,0,NaN,NaN
17.15,0.0661119588216146,0,NaN,NaN
17.1583333333333,0.0657891337076823,0,NaN,NaN
17.1666666666667,0.0653766886393229,0,NaN,NaN
17.175,0.0648417154947917,0,NaN,NaN
17.1833333333333,0.0648417154947917,0,NaN,NaN
17.1916666666667,0.0644791666666666,0,NaN,NaN
17.2,0.0650247701009115,0,NaN,NaN
17.2083333333333,0.0655587768554687,0,NaN,NaN
17.2166666666667,0.0657908630371093,0,NaN,NaN
17.225,0.066395263671875,0,NaN,NaN
17.2333333333333,0.0671427917480469,0,NaN,NaN
17.2416666666667,0.0682761637369791,0,NaN,NaN
17.25,0.0686224873860677,0,NaN,NaN
17.2583333333333,0.0689385477701823,0,NaN,NaN
17.2666666666667,0.0690159606933594,0,NaN,NaN
17.275,0.0692073567708333,0,NaN,NaN
17.2833333333333,0.0698395792643229,0,NaN,NaN
17.2916666666667,0.0704474385579427,0,NaN,NaN
17.3,0.0705972290039062,0,NaN,NaN
17.3083333333333,0.070824228922526,0,NaN,NaN
17.3166666666667,0.0699923706054688,0,NaN,NaN
17.325,0.0694063313802084,0,NaN,NaN
17.3333333333333,0.0691470336914062,0,NaN,NaN
17.3416666666667,0.068313954671224,0,NaN,NaN
17.35,0.0665678405761719,0,NaN,NaN
17.3583333333333,0.0645342000325521,0,NaN,NaN
17.3666666666667,0.0620186869303385,0,NaN,NaN
17.375,0.0601973978678386,0,NaN,NaN
17.3833333333333,0.05926513671875,0,NaN,NaN
17.3916666666667,0.0580482482910156,0,NaN,NaN
17.4,0.0571183776855469,0,NaN,NaN
17.4083333333333,0.0571183776855469,0,NaN,NaN
17.4166666666667,0.0564010620117187,0,NaN,NaN
17.425,0.0558443196614583,0,NaN,NaN
17.4333333333333,0.0555167134602865,0,NaN,NaN
17.4416666666667,0.055124766031901,0,NaN,NaN
17.45,0.0549170430501302,0,NaN,NaN
17.4583333333333,0.0550704956054687,0,NaN,NaN
17.4666666666667,0.0548651631673177,0,NaN,NaN
17.475,0.054556884765625,0,NaN,NaN
17.4833333333333,0.0544424947102864,0,NaN,NaN
17.4916666666667,0.0544012451171875,0,NaN,NaN
17.5,0.0543734741210937,0,NaN,NaN
17.5083333333333,0.0543398030598958,0,NaN,NaN
17.5166666666667,0.0543398030598958,0,NaN,NaN
17.525,0.0541980489095052,0,NaN,NaN
17.5333333333333,0.0534829203287761,0,NaN,NaN
17.5416666666667,0.0525470987955729,0,NaN,NaN
17.55,0.0514265441894531,0,NaN,NaN
17.5583333333333,0.050906982421875,0,NaN,NaN
17.5666666666667,0.0499454752604166,0,NaN,NaN
17.575,0.0493324788411458,0,NaN,NaN
17.5833333333333,0.0490516662597656,0,NaN,NaN
17.5916666666667,0.048856455485026,0,NaN,NaN
17.6,0.0488040161132812,0,NaN,NaN
17.6083333333333,0.0484225463867187,0,NaN,NaN
17.6166666666667,0.0484225463867187,0,NaN,NaN
17.625,0.0478790791829427,0,NaN,NaN
17.6333333333333,0.0469475301106771,0,NaN,NaN
17.6416666666667,0.462026786804199,0.482849655151367,NaN,NaN
17.65,0.459866549173991,0.496890182495117,NaN,NaN
17.6583333333333,0.459307301839193,0.502986068725586,NaN,NaN
17.6666666666667,0.459282366434733,0.507091217041016,NaN,NaN
17.675,0.459880282084147,0.510539474487305,NaN,NaN
17.6833333333333,0.460662689208984,0.513090744018555,NaN,NaN
17.6916666666667,0.46136302947998,0.51459716796875,NaN,NaN
17.7,0.461415163675944,0.516474456787109,NaN,NaN
17.7083333333333,0.462968864440918,0.516747665405273,NaN,NaN
17.7166666666667,0.465463752746582,0.517877655029297,NaN,NaN
17.725,0.473491134643555,0.518492431640625,NaN,NaN
17.7333333333333,0.476999053955078,0.51669059753418,NaN,NaN
17.7416666666667,0.479102592468262,0.513581237792969,NaN,NaN
17.75,0.481661008199056,0.511298828125,NaN,NaN
17.7583333333333,0.481661008199056,0.511298828125,NaN,NaN
17.7666666666667,0.484335339864095,0.511033096313477,NaN,NaN
17.775,0.486794726053874,0.511519622802734,NaN,NaN
17.7833333333333,0.489456354777018,0.512767028808594,NaN,NaN
17.7916666666667,0.49098804473877,0.513946075439453,NaN,NaN
17.8,0.493480593363444,0.515210952758789,NaN,NaN
17.8083333333333,0.495519104003906,0.515787200927734,NaN,NaN
17.8166666666667,0.497070236206055,0.516147766113281,NaN,NaN
17.825,0.498838297526042,0.516822128295898,NaN,NaN
17.8333333333333,0.499983266194661,0.51755744934082,NaN,NaN
17.8416666666667,0.50134641011556,0.517770919799805,NaN,NaN
17.85,0.503324120839437,0.518285827636719,NaN,NaN
17.8583333333333,0.505085099538167,0.518362197875976,NaN,NaN
17.8666666666667,0.506884981791178,0.518660202026367,NaN,NaN
17.875,0.508578548431396,0.518794860839844,NaN,NaN
17.8833333333333,0.504674288431803,0.521717529296875,NaN,NaN
17.8916666666667,0.504674288431803,0.521717529296875,NaN,NaN
17.9,0.508710479736328,0.523693771362305,NaN,NaN
17.9083333333333,0.505880864461263,0.526381225585937,NaN,NaN
17.9166666666667,0.509273300170898,0.530795516967773,NaN,NaN
17.925,0.512907225290934,0.532188339233398,NaN,NaN
17.9333333333333,0.515446523030599,0.536601638793945,NaN,NaN
17.9416666666667,0.516898708343506,0.539003067016602,NaN,NaN
17.95,0.518794396718343,0.540896301269531,NaN,NaN
17.9583333333333,0.519564952850342,0.542381591796875,NaN,NaN
17.9666666666667,0.520186589558919,0.542302093505859,NaN,NaN
17.975,0.520785522460937,0.542019348144531,NaN,NaN
17.9833333333333,0.521244150797526,0.542002410888672,NaN,NaN
17.9916666666667,0.521244150797526,0.542002410888672,NaN,NaN
18,0.521470775604248,0.541835708618164,NaN,NaN
18.0083333333333,0.52201935450236,0.54172721862793,NaN,NaN
18.0166666666667,0.522207126617432,0.541814575195313,NaN,NaN
18.025,0.522430210113525,0.542026290893555,NaN,NaN
18.0333333333333,0.522643591562907,0.542403564453125,0.357657089829445,0.456891924142838
18.0416666666667,0.522176971435547,0.541311874389648,NaN,NaN
18.05,0.521663506825765,0.540224838256836,NaN,NaN
18.0583333333333,0.520996487935384,0.538631210327148,NaN,NaN
18.0666666666667,0.518817208607992,0.538569412231445,NaN,NaN
18.075,0.517590681711833,0.538284072875977,NaN,NaN
18.0833333333333,0.516478652954102,0.538168334960938,NaN,NaN
18.0916666666667,0.514449691772461,0.53908088684082,NaN,NaN
18.1,0.507444324493408,0.539996337890625,NaN,NaN
18.1083333333333,0.498446820576986,0.545189208984375,NaN,NaN
18.1166666666667,0.495091501871745,0.552256240844727,0.347384169697762,0.412581279873848
18.125,0.491722323099772,0.559436569213867,0.36003515124321,0.429025024175644
18.1333333333333,0.487706578572591,0.566890563964844,0.370043739676476,0.419836327433586
18.1416666666667,0.483706448872884,0.575204772949219,0.373130813241005,0.41835580766201
18.15,0.479416885375976,0.583206481933594,0.36916521191597,0.410081595182419
18.1583333333333,0.475109507242839,0.588974380493164,0.37421227991581,0.417912855744362
18.1666666666667,0.470642306009928,0.596639022827148,0.366154402494431,0.420215964317322
18.175,0.465716069539388,0.605305709838867,0.367316454648972,0.429709732532501
18.1833333333333,0.462368583679199,0.613484725952148,0.371629700064659,0.416802823543549
18.1916666666667,0.459707908630371,0.618541870117187,0.370750695466995,0.442119240760803
18.2,0.457598355611165,0.622640686035156,0.366792187094688,0.425390496850014
18.2083333333333,0.455570195515951,0.627625885009766,0.364106029272079,0.426353514194489
18.2166666666667,0.453278338114421,0.63118522644043,0.369450986385345,0.425538271665573
18.225,0.451097704569499,0.633191604614258,0.363755583763123,0.433391287922859
18.2333333333333,0.449220835367839,0.634247970581055,0.36738945543766,0.434995323419571
18.2416666666667,0.447497342427572,0.634507217407227,0.384641155600548,0.430093839764595
18.25,0.445691719055176,0.633087387084961,NaN,NaN
18.2583333333333,0.445691719055176,0.633087387084961,NaN,NaN
18.2666666666667,0.443719444274902,0.631043090820313,NaN,NaN
18.275,0.441828358968099,0.628704147338867,NaN,NaN
18.2833333333333,0.439913419087728,0.626260223388672,NaN,NaN
18.2916666666667,0.437890637715658,0.623847503662109,NaN,NaN
18.3,0.436169649759928,0.621376342773438,NaN,NaN
18.3083333333333,0.43456485748291,0.618995590209961,NaN,NaN
18.3166666666667,0.43316707611084,0.61634162902832,NaN,NaN
18.325,0.431764068603516,0.613510894775391,NaN,NaN
18.3333333333333,0.430281600952149,0.610922927856445,NaN,NaN
18.3416666666667,0.428809521993001,0.608746490478516,NaN,NaN
18.35,0.427017758687337,0.606391677856445,NaN,NaN
18.3583333333333,0.425237592061361,0.602838134765625,NaN,NaN
18.3666666666667,0.423872998555501,0.599597091674805,NaN,NaN
18.375,0.422309137980143,0.596280822753906,NaN,NaN
18.3833333333333,0.421033299763997,0.592485580444336,NaN,NaN
18.3916666666667,0.418287022908529,0.585766067504883,NaN,NaN
18.4,0.416946678161621,0.582100448608398,NaN,NaN
18.4083333333333,0.415282414754232,0.577759552001953,NaN,NaN
18.4166666666667,0.413753763834635,0.573399810791016,NaN,NaN
18.425,0.412668533325195,0.569884490966797,NaN,NaN
18.4333333333333,0.411413853963216,0.565613861083984,NaN,NaN
18.4416666666667,0.410234311421712,0.562483291625977,NaN,NaN
18.45,0.409139391581217,0.559757843017578,NaN,NaN
18.4583333333333,0.408342971801758,0.556741333007812,NaN,NaN
18.4666666666667,0.40760181427002,0.552166519165039,NaN,NaN
18.475,0.406723594665527,0.548323059082031,NaN,NaN
18.4833333333333,0.405655364990234,0.544949417114258,NaN,NaN
18.4916666666667,0.404492149353027,0.54208854675293,NaN,NaN
18.5,0.403547223409017,0.539572219848633,NaN,NaN
18.5083333333333,0.403241081237793,0.538798370361328,NaN,NaN
18.5166666666667,0.402548421223958,0.536450424194336,NaN,NaN
18.525,0.402069536844889,0.534318618774414,NaN,NaN
18.5333333333333,0.40155091603597,0.531680221557617,NaN,NaN
18.5416666666667,0.401044120788574,0.528478698730469,NaN,NaN
18.55,0.400256512959798,0.524815216064453,NaN,NaN
18.5583333333333,0.399417483011882,0.520774383544922,NaN,NaN
18.5666666666667,0.398514493306478,0.516466979980469,NaN,NaN
18.575,0.397377840677897,0.512292175292969,NaN,NaN
18.5833333333333,0.396469014485677,0.509414978027344,NaN,NaN
18.5916666666667,0.395939165751139,0.506574935913086,NaN,NaN
18.6,0.395406455993652,0.503258285522461,NaN,NaN
18.6083333333333,0.394657910664876,0.500297775268555,NaN,NaN
18.6166666666667,0.39381285349528,0.497391052246094,NaN,NaN
18.625,0.393302268981934,0.494796447753906,NaN,NaN
18.6333333333333,0.392748324076335,0.491872024536133,NaN,NaN
18.6416666666667,0.391896680196126,0.488120422363281,NaN,NaN
18.65,0.391297899881999,0.484333038330078,NaN,NaN
18.6583333333333,0.391219037373861,0.481717529296875,NaN,NaN
18.6666666666667,0.389766324361165,0.478362274169922,NaN,NaN
18.675,0.388159192403158,0.47769645690918,NaN,NaN
18.6833333333333,0.387602094014486,0.48080680847168,NaN,NaN
18.6916666666667,0.388630688985189,0.484039764404297,NaN,NaN
18.7,0.391450792948405,0.487131729125977,NaN,NaN
18.7083333333333,0.391450792948405,0.487131729125977,NaN,NaN
18.7166666666667,0.392469825744629,0.486413421630859,NaN,NaN
18.725,0.392577018737793,0.483776779174805,NaN,NaN
18.7333333333333,0.392283922831217,0.481633605957031,NaN,NaN
18.7416666666667,0.391553077697754,0.478201293945313,NaN,NaN
18.75,0.39095521291097,0.475222473144531,NaN,NaN
18.7583333333333,0.390274976094564,0.471681976318359,NaN,NaN
18.7666666666667,0.389549751281738,0.467714309692383,NaN,NaN
18.775,0.389231605529785,0.464331970214844,NaN,NaN
18.7833333333333,0.389169553120931,0.461220703125,NaN,NaN
18.7916666666667,0.390002072652181,0.461383895874023,NaN,NaN
18.8,0.390735562642415,0.460881881713867,NaN,NaN
18.8083333333333,0.391594022115072,0.460299377441406,NaN,NaN
18.8166666666667,0.392286262512207,0.458962707519531,NaN,NaN
18.825,0.392588284810384,0.457194900512695,NaN,NaN
18.8333333333333,0.392513949076335,0.455865020751953,NaN,NaN
18.8416666666667,0.392319628397624,0.455494537353516,NaN,NaN
18.85,0.392268104553223,0.454776992797852,NaN,NaN
18.8583333333333,0.392179781595866,0.453490600585937,NaN,NaN
18.8666666666667,0.392701225280762,0.451405029296875,NaN,NaN
18.875,0.392692273457845,0.449275054931641,NaN,NaN
18.8833333333333,0.393028653462728,0.446810302734375,NaN,NaN
18.8916666666667,0.393203875223796,0.444191513061523,NaN,NaN
18.9,0.393316179911296,0.441040878295898,NaN,NaN
18.9083333333333,0.392770525614421,0.437666625976562,NaN,NaN
18.9166666666667,0.392534294128418,0.434864273071289,NaN,NaN
18.925,0.392584648132324,0.432378616333008,NaN,NaN
18.9333333333333,0.392656593322754,0.429793548583984,NaN,NaN
18.9416666666667,0.392637138366699,0.427258682250976,NaN,NaN
18.95,0.392290865580241,0.424816055297852,NaN,NaN
18.9583333333333,0.392031033833822,0.422004318237305,NaN,NaN
18.9666666666667,0.391612459818522,0.419710464477539,NaN,NaN
18.975,0.390966758728027,0.417704162597656,NaN,NaN
18.9833333333333,0.390951805114746,0.416453170776367,NaN,NaN
18.9916666666667,0.391162859598796,0.414758911132812,NaN,NaN
19,0.391123466491699,0.413094940185547,NaN,NaN
19.0083333333333,0.390983670552572,0.411068801879883,NaN,NaN
19.0166666666667,0.390476264953613,0.408747406005859,NaN,NaN
19.025,0.389872067769369,0.406228713989258,NaN,NaN
19.0333333333333,0.389148165384928,0.40407341003418,NaN,NaN
19.0416666666667,0.389262148539225,0.401357345581055,NaN,NaN
19.05,0.389596366882324,0.399236755371094,NaN,NaN
19.0583333333333,0.389851417541504,0.39786506652832,NaN,NaN
19.0666666666667,0.390124702453613,0.396033630371094,NaN,NaN
19.075,0.389922014872233,0.393858413696289,NaN,NaN
19.0833333333333,0.390218137105306,0.391717147827148,NaN,NaN
19.0916666666667,0.390127042134603,0.389468536376953,NaN,NaN
19.1,0.390180981953939,0.387439270019531,NaN,NaN
19.1083333333333,0.390263938903809,0.385730514526367,NaN,NaN
19.1166666666667,0.390244789123535,0.383933715820313,NaN,NaN
19.125,0.390033582051595,0.382261657714844,NaN,NaN
19.1333333333333,0.389740893046061,0.380864791870117,NaN,NaN
19.1416666666667,0.38945743560791,0.379529418945312,NaN,NaN
19.15,0.38933785756429,0.378305206298828,NaN,NaN
19.1583333333333,0.389091377258301,0.376796722412109,NaN,NaN
19.1666666666667,0.388851102193197,0.375192413330078,NaN,NaN
19.175,0.388725776672363,0.373958892822266,NaN,NaN
19.1833333333333,0.38852481842041,0.372800827026367,NaN,NaN
19.1916666666667,0.388287569681803,0.372197494506836,NaN,NaN
19.2,0.388287569681803,0.372197494506836,NaN,NaN
19.2083333333333,0.387776858011881,0.371582565307617,NaN,NaN
19.2166666666667,0.387183367411296,0.371200103759766,NaN,NaN
19.225,0.386648928324382,0.370542449951172,NaN,NaN
19.2333333333333,0.385305951436361,0.368995742797852,NaN,NaN
19.2416666666667,0.384036140441895,0.367734832763672,NaN,NaN
19.25,0.382682100931803,0.36636116027832,NaN,NaN
19.2583333333333,0.381709200541178,0.365483093261719,NaN,NaN
19.2666666666667,0.380756543477376,0.364701156616211,NaN,NaN
19.275,0.380070889790853,0.364279098510742,NaN,NaN
19.2833333333333,0.379500897725423,0.363933258056641,NaN,NaN
19.2916666666667,0.378950970967611,0.363703918457031,NaN,NaN
19.3,0.377486635843913,0.363637237548828,NaN,NaN
19.3083333333333,0.373566296895345,0.363949508666992,NaN,NaN
19.3166666666667,0.371686744689941,0.363059844970703,NaN,NaN
19.325,0.370303815205892,0.362019729614258,NaN,NaN
19.3333333333333,0.369351565043131,0.361017150878906,NaN,NaN
19.3416666666667,0.368588879903158,0.360438690185547,NaN,NaN
19.35,0.36778616587321,0.359987030029297,NaN,NaN
19.3583333333333,0.367118034362793,0.359807586669922,NaN,NaN
19.3666666666667,0.366418342590332,0.359633483886719,NaN,NaN
19.375,0.36577449798584,0.359515609741211,NaN,NaN
19.3833333333333,0.364912478129069,0.359345397949219,NaN,NaN
19.3916666666667,0.364019737243652,0.358946838378906,NaN,NaN
19.4,0.363173688252767,0.358992080688476,NaN,NaN
19.4083333333333,0.362516237894694,0.358934478759766,NaN,NaN
19.4166666666667,0.361960258483887,0.358795166015625,NaN,NaN
19.425,0.361238873799642,0.3586962890625,NaN,NaN
19.4333333333333,0.360570030212402,0.358553009033203,NaN,NaN
19.4416666666667,0.359839032491048,0.357888488769531,NaN,NaN
19.45,0.359172732035319,0.3566650390625,NaN,NaN
19.4583333333333,0.358608411153158,0.355377883911133,NaN,NaN
19.4666666666667,0.357928199768066,0.353916931152344,NaN,NaN
19.475,0.357355486551921,0.352464065551758,NaN,NaN
19.4833333333333,0.356826082865397,0.351121368408203,NaN,NaN
19.4916666666667,0.356270866394043,0.349577484130859,NaN,NaN
19.5,0.355743827819824,0.347877426147461,NaN,NaN
19.5083333333333,0.355293159484863,0.346239395141602,NaN,NaN
19.5166666666667,0.354822095235189,0.344670333862305,NaN,NaN
19.525,0.354205665588379,0.343082504272461,NaN,NaN
19.5333333333333,0.353749097188314,0.341606903076172,NaN,NaN
19.5416666666667,0.353216209411621,0.340031967163086,NaN,NaN
19.55,0.352784004211426,0.338534164428711,NaN,NaN
19.5583333333333,0.35243216196696,0.336736297607422,NaN,NaN
19.5666666666667,0.352148246765137,0.334981460571289,NaN,NaN
19.575,0.351846199035645,0.333178253173828,NaN,NaN
19.5833333333333,0.351409238179525,0.330812835693359,NaN,NaN
19.5916666666667,0.350937156677246,0.328344421386719,NaN,NaN
19.6,0.350437711079915,0.325990447998047,NaN,NaN
19.6083333333333,0.349938596089681,0.324087371826172,NaN,NaN
19.6166666666667,0.349591306050618,0.322224197387695,NaN,NaN
19.625,0.349037971496582,0.320229949951172,NaN,NaN
19.6333333333333,0.348498191833496,0.318064270019531,NaN,NaN
19.6416666666667,0.347954241434733,0.316090850830078,NaN,NaN
19.65,0.347446403503418,0.314051208496094,NaN,NaN
19.6583333333333,0.347037162780762,0.312098922729492,NaN,NaN
19.6666666666667,0.346670672098796,0.310168228149414,NaN,NaN
19.675,0.34620787302653,0.308245849609375,NaN,NaN
19.6833333333333,0.349211387634277,0.306868591308594,NaN,NaN
19.6916666666667,0.351372820536296,0.305819778442383,NaN,NaN
19.7,0.352356071472168,0.304094009399414,NaN,NaN
19.7083333333333,0.352763938903809,0.301520233154297,NaN,NaN
19.7166666666667,0.352959302266439,0.298522491455078,NaN,NaN
19.725,0.353078168233236,0.296056518554688,NaN,NaN
19.7333333333333,0.353078168233236,0.296056518554688,NaN,NaN
19.7416666666667,0.35293025970459,0.293810272216797,NaN,NaN
19.75,0.352733955383301,0.291700439453125,NaN,NaN
19.7583333333333,0.352406756083171,0.290230102539062,NaN,NaN
19.7666666666667,0.351865069071452,0.288600845336914,NaN,NaN
19.775,0.351133104960124,0.287233581542969,NaN,NaN
19.7833333333333,0.350441932678223,0.286250381469727,NaN,NaN
19.7916666666667,0.349486071268717,0.285212249755859,NaN,NaN
19.8,0.348761202494303,0.284389495849609,NaN,NaN
19.8083333333333,0.348145306905111,0.283850708007813,NaN,NaN
19.8166666666667,0.347320111592611,0.283111877441406,NaN,NaN
19.825,0.346626167297363,0.282763977050781,NaN,NaN
19.8333333333333,0.346001091003418,0.282264251708984,NaN,NaN
19.8416666666667,0.345306790669759,0.281726226806641,NaN,NaN
19.85,0.34463446299235,0.281471557617187,NaN,NaN
19.8583333333333,0.344056561787923,0.281312255859375,NaN,NaN
19.8666666666667,0.343789456685384,0.281497497558594,NaN,NaN
19.875,0.343414878845215,0.28172248840332,NaN,NaN
19.8833333333333,0.342984428405762,0.281583938598633,NaN,NaN
19.8916666666667,0.34232125600179,0.280971374511719,NaN,NaN
19.9,0.341611442565918,0.280277557373047,NaN,NaN
19.9083333333333,0.341031837463379,0.279462432861328,NaN,NaN
19.9166666666667,0.340660820007324,0.279130325317383,NaN,NaN
19.925,0.340558636983236,0.278775405883789,NaN,NaN
19.9333333333333,0.340326677958171,0.278437118530273,NaN,NaN
19.9416666666667,0.34013619740804,0.278182067871094,NaN,NaN
19.95,0.339861818949382,0.27807014465332,NaN,NaN
19.9583333333333,0.339539120992025,0.278061218261719,NaN,NaN
19.9666666666667,0.339204419453939,0.278045501708984,NaN,NaN
19.975,0.338767127990723,0.278167114257812,NaN,NaN
19.9833333333333,0.338335024515788,0.278490676879883,NaN,NaN
19.9916666666667,0.3379705174764,0.27904899597168,NaN,NaN
20,0.337644742329915,0.279623336791992,NaN,NaN
20.0083333333333,0.337463111877441,0.28039192199707,NaN,NaN
20.0166666666667,0.337314236958822,0.281097946166992,NaN,NaN
20.025,0.337144508361816,0.281636505126953,NaN,NaN
20.0333333333333,0.337144508361816,0.281636505126953,NaN,NaN
20.0416666666667,0.336881319681803,0.282118988037109,NaN,NaN
20.05,0.336604906717936,0.282629928588867,NaN,NaN
20.0583333333333,0.336235618591309,0.282844543457031,NaN,NaN
20.0666666666667,0.335835762023926,0.283046875,NaN,NaN
20.075,0.335489794413249,0.283815536499023,NaN,NaN
20.0833333333333,0.335292676289876,0.284546051025391,NaN,NaN
20.0916666666667,0.335227292378743,0.285115356445312,NaN,NaN
20.1,0.335247713724772,0.285524063110352,NaN,NaN
20.1083333333333,0.335208752950033,0.285860137939453,NaN,NaN
20.1166666666667,0.335148607889811,0.286078338623047,NaN,NaN
20.125,0.335006395975749,0.286342468261719,NaN,NaN
20.1333333333333,0.334809226989746,0.28665397644043,NaN,NaN
20.1416666666667,0.334569765726725,0.286597137451172,NaN,NaN
20.15,0.334240786234538,0.286383819580078,NaN,NaN
20.1583333333333,0.333996594746908,0.286298217773437,NaN,NaN
20.1666666666667,0.333646634419759,0.2865478515625,NaN,NaN
20.175,0.333276354471842,0.286689300537109,NaN,NaN
20.1833333333333,0.333106498718262,0.286810073852539,NaN,NaN
20.1916666666667,0.327293637593587,0.291743469238281,NaN,NaN
20.2,0.329643669128418,0.28974609375,NaN,NaN
20.2083333333333,0.325575574239095,0.292921142578125,NaN,NaN
20.2166666666667,0.329136161804199,0.290575256347656,NaN,NaN
20.225,0.324772936503092,0.293719711303711,NaN,NaN
20.2333333333333,0.328242632548014,0.291883163452148,NaN,NaN
20.2416666666667,0.323886553446452,0.294191207885742,NaN,NaN
20.25,0.322712211608887,0.29492073059082,NaN,NaN
20.2583333333333,0.326497688293457,0.292710571289063,NaN,NaN
20.2666666666667,0.322141456604004,0.296152725219727,NaN,NaN
20.275,0.325712979634603,0.292774124145508,NaN,NaN
20.2833333333333,0.321017163594564,0.296610565185547,NaN,NaN
20.2916666666667,0.325128593444824,0.293271026611328,NaN,NaN
20.3,0.32058775583903,0.296775817871094,NaN,NaN
20.3083333333333,0.324524676005046,0.293923645019531,NaN,NaN
20.3166666666667,0.325657005310059,0.294370880126953,NaN,NaN
20.325,0.326089973449707,0.29456672668457,NaN,NaN
20.3333333333333,0.326232210795085,0.294163055419922,NaN,NaN
20.3416666666667,0.326178347269694,0.293813400268555,NaN,NaN
20.35,0.326002718607585,0.293218994140625,NaN,NaN
20.3583333333333,0.325711275736491,0.292734680175781,NaN,NaN
20.3666666666667,0.325530865987142,0.292507629394531,NaN,NaN
20.375,0.325284741719564,0.292560729980469,NaN,NaN
20.3833333333333,0.325044008890788,0.292542877197266,NaN,NaN
20.3916666666667,0.324808464050293,0.2926416015625,NaN,NaN
20.4,0.324591229756673,0.292931365966797,NaN,NaN
20.4083333333333,0.32428404490153,0.293456115722656,NaN,NaN
20.4166666666667,0.324022610982259,0.294277877807617,NaN,NaN
20.425,0.323670616149902,0.294895095825195,NaN,NaN
20.4333333333333,0.323409945170085,0.295763473510742,NaN,NaN
20.4416666666667,0.323098462422689,0.296450500488281,NaN,NaN
20.45,0.322878888448079,0.297220611572266,NaN,NaN
20.4583333333333,0.322776705423991,0.297907562255859,NaN,NaN
20.4666666666667,0.322731157938639,0.298556671142578,NaN,NaN
20.475,0.322728284200033,0.299420700073242,NaN,NaN
20.4833333333333,0.322755597432454,0.30028678894043,NaN,NaN
20.4916666666667,0.322828305562337,0.301198043823242,NaN,NaN
20.5,0.322937253316243,0.302190170288086,NaN,NaN
20.5083333333333,0.323027712504069,0.303220977783203,NaN,NaN
20.5166666666667,0.323132260640462,0.304198760986328,NaN,NaN
20.525,0.323288841247559,0.305041732788086,NaN,NaN
20.5333333333333,0.32346612294515,0.305888442993164,NaN,NaN
20.5416666666667,0.323790346781413,0.306738128662109,NaN,NaN
20.55,0.324182294209798,0.307354888916016,NaN,NaN
20.5583333333333,0.324545707702637,0.308015518188477,NaN,NaN
20.5666666666667,0.324902280171712,0.30875846862793,NaN,NaN
20.575,0.325238558451335,0.309294281005859,NaN,NaN
20.5833333333333,0.325238558451335,0.309294281005859,NaN,NaN
20.5916666666667,0.325931154886882,0.310260772705078,NaN,NaN
20.6,0.326362037658691,0.31069206237793,NaN,NaN
20.6083333333333,0.326362037658691,0.31069206237793,NaN,NaN
20.6166666666667,0.327649396260579,0.310987091064453,NaN,NaN
20.625,0.328379656473796,0.311076889038086,NaN,NaN
20.6333333333333,0.328942985534668,0.311242523193359,NaN,NaN
20.6416666666667,0.329418169657389,0.311439666748047,NaN,NaN
20.65,0.329720369974772,0.311688766479492,NaN,NaN
20.6583333333333,0.329720369974772,0.311688766479492,NaN,NaN
20.6666666666667,0.330162340799967,0.311478042602539,NaN,NaN
20.675,0.330383771260579,0.311260070800781,NaN,NaN
20.6833333333333,0.330383771260579,0.311260070800781,NaN,NaN
20.6916666666667,0.330737698872884,0.310892486572266,NaN,NaN
20.7,0.331040840148926,0.310588150024414,NaN,NaN
20.7083333333333,0.331385968526204,0.310535659790039,NaN,NaN
20.7166666666667,0.331777763366699,0.310586929321289,NaN,NaN
20.725,0.332251675923665,0.310480270385742,NaN,NaN
20.7333333333333,0.332753028869629,0.310523452758789,NaN,NaN
20.7416666666667,0.33325377146403,0.310685424804688,NaN,NaN
20.75,0.333677584330241,0.310721817016602,NaN,NaN
20.7583333333333,0.334066378275553,0.310752792358398,NaN,NaN
20.7666666666667,0.334493522644043,0.310693664550781,NaN,NaN
20.775,0.334978726704915,0.310587158203125,NaN,NaN
20.7833333333333,0.335492820739746,0.310224151611328,NaN,NaN
20.7916666666667,0.335985527038574,0.309626541137695,NaN,NaN
20.8,0.336537310282389,0.308798446655273,NaN,NaN
20.8083333333333,0.337055473327637,0.308225173950195,NaN,NaN
20.8166666666667,0.337458025614421,0.307397384643555,NaN,NaN
20.825,0.337795015970866,0.306853637695312,NaN,NaN
20.8333333333333,0.338305676778158,0.305944976806641,NaN,NaN
20.8416666666667,0.338833045959473,0.305328903198242,NaN,NaN
20.85,0.339290148417155,0.304853210449219,NaN,NaN
20.8583333333333,0.339723294576009,0.304441146850586,NaN,NaN
20.8666666666667,0.340055707295736,0.304323196411133,NaN,NaN
20.875,0.340406761169434,0.304600524902344,NaN,NaN
20.8833333333333,0.336416867574056,0.305102462768555,NaN,NaN
20.8916666666667,0.332777442932129,0.305106582641602,NaN,NaN
20.9,0.33142879486084,0.304449691772461,NaN,NaN
20.9083333333333,0.331024691263835,0.304431838989258,NaN,NaN
20.9166666666667,0.331064872741699,0.304920120239258,NaN,NaN
20.925,0.331214408874512,0.305499267578125,NaN,NaN
20.9333333333333,0.331454963684082,0.306409683227539,NaN,NaN
20.9416666666667,0.331677131652832,0.307389907836914,NaN,NaN
20.95,0.331983451843262,0.308372497558594,NaN,NaN
20.9583333333333,0.33227710723877,0.309270324707031,NaN,NaN
20.9666666666667,0.332395006815592,0.309992904663086,NaN,NaN
20.975,0.332411333719889,0.310619888305664,NaN,NaN
20.9833333333333,0.332535667419434,0.311132278442383,NaN,NaN
20.9916666666667,0.332635815938314,0.311566696166992,NaN,NaN
21,0.332723731994629,0.311975173950195,NaN,NaN
21.0083333333333,0.332955487569173,0.312344512939453,NaN,NaN
21.0166666666667,0.333088696797689,0.312648544311523,NaN,NaN
21.025,0.333281059265137,0.31305778503418,NaN,NaN
21.0333333333333,0.333393262227376,0.313414611816406,NaN,NaN
21.0416666666667,0.33350269317627,0.313800735473633,NaN,NaN
21.05,0.333545010884603,0.314141387939453,NaN,NaN
21.0583333333333,0.333536211649577,0.314329986572266,NaN,NaN
21.0666666666667,0.333305905659994,0.314793853759766,NaN,NaN
21.075,0.333053220113118,0.315204925537109,NaN,NaN
21.0833333333333,0.33278636932373,0.315506286621094,NaN,NaN
21.0916666666667,0.332710787455241,0.315929260253906,NaN,NaN
21.1,0.332482490539551,0.316304550170898,NaN,NaN
21.1083333333333,0.332313041687012,0.316864471435547,NaN,NaN
21.1166666666667,0.332200152079264,0.317283096313477,NaN,NaN
21.125,0.332035433451335,0.317687683105469,NaN,NaN
21.1333333333333,0.331852836608887,0.31813850402832,NaN,NaN
21.1416666666667,0.331670036315918,0.318476486206055,NaN,NaN
21.15,0.331670036315918,0.318476486206055,NaN,NaN
21.1583333333333,0.331309013366699,0.318863220214844,NaN,NaN
21.1666666666667,0.331001040140788,0.318892211914062,NaN,NaN
21.175,0.330728772481283,0.318763656616211,NaN,NaN
21.1833333333333,0.330539512634277,0.318824157714844,NaN,NaN
21.1916666666667,0.330507621765137,0.319054107666016,NaN,NaN
21.2,0.33049264272054,0.319120178222656,NaN,NaN
21.2083333333333,0.33044605255127,0.319145202636719,NaN,NaN
21.2166666666667,0.330552736918131,0.319069519042969,NaN,NaN
21.225,0.330701077779134,0.319123687744141,NaN,NaN
21.2333333333333,0.330818265279134,0.319048538208008,NaN,NaN
21.2416666666667,0.330952517191569,0.319046020507812,NaN,NaN
21.25,0.331061770121256,0.318919677734375,NaN,NaN
21.2583333333333,0.33116647084554,0.31887565612793,NaN,NaN
21.2666666666667,0.33262279510498,0.318905487060547,NaN,NaN
21.275,0.338070691426595,0.317629547119141,NaN,NaN
21.2833333333333,0.33990795135498,0.319636688232422,NaN,NaN
21.2916666666667,0.34104559580485,0.320131378173828,NaN,NaN
21.3,0.341741905212402,0.320071334838867,NaN,NaN
21.3083333333333,0.342244148254395,0.319385299682617,NaN,NaN
21.3166666666667,0.342529131571452,0.318526916503906,NaN,NaN
21.325,0.342778612772624,0.317375640869141,NaN,NaN
21.3333333333333,0.34290943145752,0.316532821655273,NaN,NaN
21.3416666666667,0.342802035013835,0.315112915039062,NaN,NaN
21.35,0.342571093241374,0.314210815429688,NaN,NaN
21.3583333333333,0.342083473205566,0.314025421142578,NaN,NaN
21.3666666666667,0.34165709177653,0.313648910522461,NaN,NaN
21.375,0.341344083150228,0.313310394287109,NaN,NaN
21.3833333333333,0.341006940205892,0.313132781982422,NaN,NaN
21.3916666666667,0.340415916442871,0.313025894165039,NaN,NaN
21.4,0.339717877705892,0.313181304931641,NaN,NaN
21.4083333333333,0.339190228780111,0.313382339477539,NaN,NaN
21.4166666666667,0.33867015838623,0.313535690307617,NaN,NaN
21.425,0.338408088684082,0.313660049438477,NaN,NaN
21.4333333333333,0.338209393819173,0.314025421142578,NaN,NaN
21.4416666666667,0.338157742818197,0.314393081665039,NaN,NaN
21.45,0.33807056427002,0.314587020874023,NaN,NaN
21.4583333333333,0.337893943786621,0.314743804931641,NaN,NaN
21.4666666666667,0.337697512308756,0.314797134399414,NaN,NaN
21.475,0.337527351379394,0.314835739135742,NaN,NaN
21.4833333333333,0.337289390563965,0.314973678588867,NaN,NaN
21.4916666666667,0.336989962259928,0.314908676147461,NaN,NaN
21.5,0.336874783833822,0.314771881103516,NaN,NaN
21.5083333333333,0.336534385681152,0.314680099487305,NaN,NaN
21.5166666666667,0.336257667541504,0.314517211914062,NaN,NaN
21.525,0.336073722839355,0.314729232788086,NaN,NaN
21.5333333333333,0.335770200093587,0.314828414916992,NaN,NaN
21.5416666666667,0.335340232849121,0.314932479858398,NaN,NaN
21.55,0.33478199005127,0.314967880249023,NaN,NaN
21.5583333333333,0.33412291208903,0.315131530761719,NaN,NaN
21.5666666666667,0.333269996643066,0.315071487426758,NaN,NaN
21.575,0.332302945454915,0.314701461791992,NaN,NaN
21.5833333333333,0.332302945454915,0.314701461791992,NaN,NaN
21.5916666666667,0.331224479675293,0.313758697509766,NaN,NaN
21.6,0.329899559020996,0.312892074584961,NaN,NaN
21.6083333333333,0.328536822001139,0.312252807617188,NaN,NaN
21.6166666666667,0.326833305358887,0.311680068969727,NaN,NaN
21.625,0.32513001759847,0.311375732421875,NaN,NaN
21.6333333333333,0.323122342427572,0.311086120605469,NaN,NaN
21.6416666666667,0.321115252176921,0.310834732055664,NaN,NaN
21.65,0.319093894958496,0.310864028930664,NaN,NaN
21.6583333333333,0.316979179382324,0.311289215087891,NaN,NaN
21.6666666666667,0.314752235412598,0.311689071655273,NaN,NaN
21.675,0.31242135365804,0.312495193481445,NaN,NaN
21.6833333333333,0.310132942199707,0.313194351196289,NaN,NaN
21.6916666666667,0.307975476582845,0.314146118164062,NaN,NaN
21.7,0.305781186421712,0.315337982177734,NaN,NaN
21.7083333333333,0.303639437357585,0.316354827880859,NaN,NaN
21.7166666666667,0.301643664042155,0.317490997314453,NaN,NaN
21.725,0.299445635477702,0.318782272338867,NaN,NaN
21.7333333333333,0.296933682759603,0.31960205078125,NaN,NaN
21.7416666666667,0.294443372090658,0.320293884277344,NaN,NaN
21.75,0.292070706685384,0.321234970092773,NaN,NaN
21.7583333333333,0.28975757598877,0.322503051757812,NaN,NaN
21.7666666666667,0.287747052510579,0.324349899291992,NaN,NaN
21.775,0.285642903645833,0.326248550415039,NaN,NaN
21.7833333333333,0.283786061604818,0.328245315551758,NaN,NaN
21.7916666666667,0.282001495361328,0.330766830444336,NaN,NaN
21.8,0.280315297444661,0.333176651000977,NaN,NaN
21.8083333333333,0.278697001139323,0.335583114624023,NaN,NaN
21.8166666666667,0.277303212483724,0.338347625732422,NaN,NaN
21.825,0.276034698486328,0.341200714111328,NaN,NaN
21.8333333333333,0.274559631347656,0.343718719482422,NaN,NaN
21.8416666666667,0.266737670898437,0.349070358276367,NaN,NaN
21.85,0.263269246419271,0.351498184204102,NaN,NaN
21.8583333333333,0.2655322265625,0.35220100402832,NaN,NaN
21.8666666666667,0.265594838460286,0.353758087158203,NaN,NaN
21.875,0.264248453776042,0.356034164428711,NaN,NaN
21.8833333333333,0.262710316975911,0.356246795654297,NaN,NaN
21.8916666666667,0.26132334391276,0.357511444091797,NaN,NaN
21.9,0.26132334391276,0.357511444091797,NaN,NaN
21.9083333333333,0.259935862223307,0.358589782714844,NaN,NaN
21.9166666666667,0.258583374023438,0.360193328857422,NaN,NaN
21.925,0.257233174641927,0.362017822265625,NaN,NaN
21.9333333333333,0.255794576009115,0.363705139160156,NaN,NaN
21.9416666666667,0.254513498942057,0.364730224609375,NaN,NaN
21.95,0.253053131103516,0.366159210205078,NaN,NaN
21.9583333333333,0.251394907633464,0.367191848754883,NaN,NaN
21.9666666666667,0.249955037434896,0.368688049316406,NaN,NaN
21.975,0.248368225097656,0.369567718505859,NaN,NaN
21.9833333333333,0.246788177490234,0.370192031860351,NaN,NaN
21.9916666666667,0.245387471516927,0.370713577270508,NaN,NaN
22,0.24422856648763,0.37162353515625,NaN,NaN
22.0083333333333,0.243259684244792,0.372817535400391,NaN,NaN
22.0166666666667,0.242461395263672,0.374491577148438,NaN,NaN
22.025,0.241550598144531,0.375744552612305,NaN,NaN
22.0333333333333,0.240817006429036,0.377114944458008,NaN,NaN
22.0416666666667,0.23994389851888,0.378065643310547,NaN,NaN
22.05,0.238874816894531,0.378510589599609,NaN,NaN
22.0583333333333,0.237762451171875,0.379465866088867,NaN,NaN
22.0666666666667,0.237762451171875,0.379465866088867,NaN,NaN
22.075,0.236591033935547,0.379843597412109,NaN,NaN
22.0833333333333,0.235468037923177,0.379837493896484,NaN,NaN
22.0916666666667,0.234270273844401,0.379052047729492,NaN,NaN
22.1,0.233111928304036,0.377917709350586,NaN,NaN
22.1083333333333,0.23225087483724,0.376782150268555,NaN,NaN
22.1166666666667,0.231365051269531,0.375790481567383,NaN,NaN
22.125,0.230616861979167,0.374602203369141,NaN,NaN
22.1333333333333,0.229844258626302,0.373727722167969,NaN,NaN
22.1416666666667,0.22908198038737,0.373016586303711,NaN,NaN
22.15,0.228412780761719,0.372220840454101,NaN,NaN
22.1583333333333,0.227698313395182,0.371301574707031,NaN,NaN
22.1666666666667,0.226926472981771,0.370310211181641,NaN,NaN
22.175,0.226180063883464,0.369552154541016,NaN,NaN
22.1833333333333,0.225390421549479,0.368485565185547,NaN,NaN
22.1916666666667,0.225390421549479,0.368485565185547,NaN,NaN
22.2,0.224429117838542,0.367463302612305,NaN,NaN
22.2083333333333,0.223541717529297,0.366185989379883,NaN,NaN
22.2166666666667,0.22249521891276,0.36457893371582,NaN,NaN
22.225,0.221920928955078,0.363140869140625,NaN,NaN
22.2333333333333,0.221463012695312,0.361665496826172,NaN,NaN
22.2416666666667,0.221269378662109,0.360531234741211,NaN,NaN
22.25,0.2211279296875,0.359721832275391,NaN,NaN
22.2583333333333,0.221189931233724,0.358833847045898,NaN,NaN
22.2666666666667,0.221418813069661,0.35785774230957,NaN,NaN
22.275,0.221578572591146,0.356760559082031,NaN,NaN
22.2833333333333,0.221897481282552,0.355533676147461,NaN,NaN
22.2916666666667,0.222258097330729,0.354354019165039,NaN,NaN
22.3,0.222690175374349,0.353071060180664,NaN,NaN
22.3083333333333,0.223169606526693,0.351691207885742,NaN,NaN
22.3166666666667,0.223624114990234,0.350315933227539,NaN,NaN
22.325,0.223879648844401,0.34851692199707,NaN,NaN
22.3333333333333,0.224253946940104,0.346998138427734,NaN,NaN
22.3416666666667,0.224744262695313,0.346008758544922,NaN,NaN
22.35,0.225251871744792,0.345014877319336,NaN,NaN
22.3583333333333,0.225843149820964,0.344450988769531,NaN,NaN
22.3666666666667,0.226274210611979,0.344187469482422,NaN,NaN
22.375,0.226746978759766,0.343948974609375,NaN,NaN
22.3833333333333,0.227038726806641,0.343854751586914,NaN,NaN
22.3916666666667,0.227415161132813,0.343850250244141,NaN,NaN
22.4,0.227764994303385,0.343957824707031,NaN,NaN
22.4083333333333,0.2281591796875,0.343865966796875,NaN,NaN
22.4166666666667,0.228451944986979,0.343619995117188,NaN,NaN
22.425,0.228704223632813,0.343408813476562,NaN,NaN
22.4333333333333,0.22881093343099,0.343315887451172,NaN,NaN
22.4416666666667,0.228976135253906,0.343313140869141,NaN,NaN
22.45,0.229244028727214,0.34342399597168,NaN,NaN
22.4583333333333,0.229591522216797,0.343727493286133,NaN,NaN
22.4666666666667,0.226775156656901,0.348270492553711,NaN,NaN
22.475,0.225169067382812,0.355645751953125,NaN,NaN
22.4833333333333,0.224719950358073,0.358778915405273,NaN,NaN
22.4916666666667,0.224595235188802,0.361080627441406,NaN,NaN
22.5,0.224745279947917,0.362662963867188,NaN,NaN
22.5083333333333,0.224789326985677,0.364016876220703,NaN,NaN
22.5166666666667,0.224900716145833,0.364901580810547,NaN,NaN
22.525,0.225024973551432,0.365743713378906,NaN,NaN
22.5333333333333,0.22511225382487,0.366331253051758,NaN,NaN
22.5416666666667,0.225237426757812,0.367050018310547,NaN,NaN
22.55,0.225264739990234,0.367864685058594,NaN,NaN
22.5583333333333,0.225083974202474,0.368644332885742,NaN,NaN
22.5666666666667,0.224942270914714,0.369277725219727,NaN,NaN
22.575,0.224831136067708,0.370056610107422,NaN,NaN
22.5833333333333,0.224762827555339,0.370736236572266,NaN,NaN
22.5916666666667,0.224772084554036,0.371521224975586,NaN,NaN
22.6,0.22749766031901,0.370067367553711,NaN,NaN
22.6083333333333,0.22627446492513,0.3710009765625,NaN,NaN
22.6166666666667,0.229861450195313,0.36833251953125,NaN,NaN
22.625,0.227160491943359,0.369535827636719,NaN,NaN
22.6333333333333,0.229254048665365,0.366865005493164,NaN,NaN
22.6416666666667,0.22664052327474,0.368963317871094,NaN,NaN
22.65,0.229158884684245,0.367011947631836,NaN,NaN
22.6583333333333,0.226522165934245,0.369270477294922,NaN,NaN
22.6666666666667,0.228892567952474,0.36637077331543,NaN,NaN
22.675,0.22626454671224,0.368357467651367,NaN,NaN
22.6833333333333,0.228916982014974,0.365494766235352,NaN,NaN
22.6916666666667,0.22641591389974,0.367039642333984,NaN,NaN
22.7,0.229406178792318,0.364575042724609,NaN,NaN
22.7083333333333,0.226427052815755,0.36630241394043,NaN,NaN
22.7166666666667,0.229592844645182,0.364710693359375,NaN,NaN
22.725,0.227087198893229,0.366640777587891,NaN,NaN
22.7333333333333,0.229985809326172,0.365028991699219,NaN,NaN
22.7416666666667,0.227108815511068,0.365850677490234,NaN,NaN
22.75,0.230702311197917,0.364310913085938,NaN,NaN
22.7583333333333,0.228037261962891,0.365827255249023,NaN,NaN
22.7666666666667,0.231521402994792,0.363704376220703,NaN,NaN
22.775,0.22899403889974,0.365038604736328,NaN,NaN
22.7833333333333,0.232746734619141,0.364501495361328,NaN,NaN
22.7916666666667,0.23022710164388,0.366263885498047,NaN,NaN
22.8,0.234169413248698,0.365302352905273,NaN,NaN
22.8083333333333,0.231649881998698,0.367229614257813,NaN,NaN
22.8166666666667,0.235810801188151,0.366375198364258,NaN,NaN
22.825,0.233777974446615,0.367436447143555,NaN,NaN
22.8333333333333,0.2381005859375,0.366699295043945,NaN,NaN
22.8416666666667,0.240122833251953,0.366595764160156,NaN,NaN
22.85,0.241529795328776,0.366403350830078,NaN,NaN
22.8583333333333,0.242906799316406,0.366272964477539,NaN,NaN
22.8666666666667,0.244356740315755,0.366181030273438,NaN,NaN
22.875,0.245642954508464,0.365511932373047,NaN,NaN
22.8833333333333,0.247062479654948,0.365577163696289,NaN,NaN
22.8916666666667,0.248501586914062,0.366231460571289,NaN,NaN
22.9,0.249945119222005,0.367175369262695,NaN,NaN
22.9083333333333,0.251524454752604,0.36827033996582,NaN,NaN
22.9166666666667,0.25307373046875,0.369338912963867,NaN,NaN
22.925,0.254690958658854,0.370770721435547,NaN,NaN
22.9333333333333,0.256578216552734,0.3725439453125,NaN,NaN
22.9416666666667,0.258380839029948,0.374418716430664,NaN,NaN
22.95,0.260050710042318,0.37645751953125,NaN,NaN
22.9583333333333,0.2617578125,0.378651504516602,NaN,NaN
22.9666666666667,0.263766377766927,0.380890045166016,NaN,NaN
22.975,0.265845438639323,0.383328323364258,NaN,NaN
22.9833333333333,0.267849731445312,0.385544662475586,NaN,NaN
22.9916666666667,0.270007069905599,0.3879296875,NaN,NaN
23,0.272142791748047,0.389851379394531,NaN,NaN
23.0083333333333,0.272142791748047,0.389851379394531,NaN,NaN
23.0166666666667,0.274229583740234,0.391243515014648,NaN,NaN
23.025,0.276219228108724,0.392817230224609,NaN,NaN
23.0333333333333,0.278276875813802,0.394371795654297,NaN,NaN
23.0416666666667,0.280172017415365,0.396818161010742,NaN,NaN
23.05,0.282144470214844,0.399363021850586,NaN,NaN
23.0583333333333,0.284238789876302,0.402146911621094,NaN,NaN
23.0666666666667,0.286407674153646,0.404499282836914,NaN,NaN
23.075,0.288634300231934,0.406914749145508,NaN,NaN
23.0833333333333,0.290922864278158,0.408747787475586,NaN,NaN
23.0916666666667,0.292755902608236,0.410265045166016,NaN,NaN
23.1,0.294468981424967,0.411743698120117,NaN,NaN
23.1083333333333,0.296271044413249,0.413255844116211,NaN,NaN
23.1166666666667,0.297850278218587,0.415402221679688,NaN,NaN
23.125,0.299403165181478,0.417363586425781,NaN,NaN
23.1333333333333,0.301104062398275,0.419666213989258,NaN,NaN
23.1416666666667,0.302822176615397,0.42145622253418,NaN,NaN
23.15,0.304601147969564,0.423121109008789,NaN,NaN
23.1583333333333,0.306264940897624,0.424535827636719,NaN,NaN
23.1666666666667,0.307900683085124,0.425803375244141,NaN,NaN
23.175,0.309633928934733,0.427085723876953,NaN,NaN
23.1833333333333,0.311298586527507,0.428308715820312,NaN,NaN
23.1916666666667,0.313179308573405,0.429779663085938,NaN,NaN
23.2,0.315033963521322,0.431231842041016,NaN,NaN
23.2083333333333,0.316539497375488,0.433159866333008,NaN,NaN
23.2166666666667,0.317649345397949,0.434556350708008,NaN,NaN
23.225,0.318763516743978,0.435735549926758,NaN,NaN
23.2333333333333,0.319718844095866,0.436718292236328,NaN,NaN
23.2416666666667,0.320472043355306,0.437778244018555,NaN,NaN
23.25,0.321262143452962,0.439089508056641,NaN,NaN
23.2583333333333,0.322304318745931,0.439788055419922,NaN,NaN
23.2666666666667,0.323284390767415,0.440383605957031,NaN,NaN
23.275,0.324124310811361,0.441112747192383,NaN,NaN
23.2833333333333,0.325038185119629,0.441875991821289,NaN,NaN
23.2916666666667,0.325038185119629,0.441875991821289,NaN,NaN
23.3,0.325913581848145,0.442618865966797,NaN,NaN
23.3083333333333,0.326802177429199,0.443387908935547,NaN,NaN
23.3166666666667,0.327446530659994,0.44431999206543,NaN,NaN
23.325,0.32817440032959,0.444769058227539,NaN,NaN
23.3333333333333,0.328871040344238,0.445199356079102,NaN,NaN
23.3416666666667,0.329238344828288,0.445797729492188,NaN,NaN
23.35,0.32975648244222,0.446151657104492,NaN,NaN
23.3583333333333,0.330224622090658,0.446456527709961,NaN,NaN
23.3666666666667,0.330746625264486,0.446821212768555,NaN,NaN
23.375,0.331153144836426,0.447043075561523,NaN,NaN
23.3833333333333,0.331381670633952,0.447534790039062,NaN,NaN
23.3916666666667,0.331639366149902,0.448123397827148,NaN,NaN
23.4,0.331889890034993,0.448748168945313,NaN,NaN
23.4083333333333,0.332114906311035,0.449225463867188,NaN,NaN
23.4166666666667,0.329019813537598,0.451517486572266,NaN,NaN
23.425,0.324094123840332,0.452906036376953,NaN,NaN
23.4333333333333,0.322884915669759,0.453648834228516,NaN,NaN
23.4416666666667,0.324310239156087,0.455276336669922,NaN,NaN
23.45,0.331613883972168,0.453712387084961,NaN,NaN
23.4583333333333,0.333759930928548,0.454291152954102,NaN,NaN
23.4666666666667,0.334736239115397,0.454284057617187,NaN,NaN
23.475,0.33557565053304,0.453815383911133,NaN,NaN
23.4833333333333,0.335842145284017,0.453762283325195,NaN,NaN
23.4916666666667,0.335736554463704,0.453487243652344,NaN,NaN
23.5,0.335599352518717,0.453326873779297,NaN,NaN
23.5083333333333,0.33545093536377,0.453284301757813,NaN,NaN
23.5166666666667,0.335339063008626,0.453257141113281,NaN,NaN
23.525,0.33526419321696,0.453036575317383,NaN,NaN
23.5333333333333,0.33516061147054,0.452744064331055,NaN,NaN
23.5416666666667,0.335033709208171,0.452350540161133,NaN,NaN
23.55,0.334937273661296,0.452161483764648,NaN,NaN
23.5583333333333,0.334845949808756,0.452192764282226,NaN,NaN
23.5666666666667,0.334764035542806,0.452343521118164,NaN,NaN
23.575,0.334739316304525,0.452545166015625,NaN,NaN
23.5833333333333,0.334571113586426,0.4526416015625,NaN,NaN
23.5916666666667,0.334480400085449,0.45263053894043,NaN,NaN
23.6,0.334557253519694,0.452583465576172,NaN,NaN
23.6083333333333,0.334319496154785,0.452507705688477,NaN,NaN
23.6166666666667,0.334319496154785,0.452507705688477,NaN,NaN
23.625,0.334288037618001,0.452584991455078,NaN,NaN
23.6333333333333,0.334229469299316,0.4528125,NaN,NaN
23.6416666666667,0.334131151835124,0.452900314331055,NaN,NaN
23.65,0.333951301574707,0.452893753051758,NaN,NaN
23.6583333333333,0.333828468322754,0.452997970581055,NaN,NaN
23.6666666666667,0.333531227111816,0.452961120605469,NaN,NaN
23.675,0.333272514343262,0.452982635498047,NaN,NaN
23.6833333333333,0.333200645446777,0.453033676147461,NaN,NaN
23.6916666666667,0.33313304901123,0.453018646240234,NaN,NaN
23.7,0.333041623433431,0.452987823486328,NaN,NaN
23.7083333333333,0.333126945495606,0.452906036376953,NaN,NaN
23.7166666666667,0.333091468811035,0.452614135742187,NaN,NaN
23.725,0.332817293802897,0.452314987182617,NaN,NaN
23.7333333333333,0.33284735361735,0.452387619018555,NaN,NaN
23.7416666666667,0.3329425684611,0.452391967773437,NaN,NaN
23.75,0.33308521270752,0.452312774658203,NaN,NaN
23.7583333333333,0.333204256693522,0.452229690551758,NaN,NaN
23.7666666666667,0.333326327006022,0.452109375,NaN,NaN
23.775,0.33349308013916,0.451949310302734,NaN,NaN
23.7833333333333,0.333732770284017,0.451766662597656,NaN,NaN
23.7916666666667,0.333921190897624,0.45139892578125,NaN,NaN
23.8,0.334136568705241,0.451009140014648,NaN,NaN
23.8083333333333,0.334286664326986,0.450773010253906,NaN,NaN
23.8166666666667,0.334420382181803,0.45073486328125,NaN,NaN
23.825,0.334702949523926,0.450690536499023,NaN,NaN
23.8333333333333,0.334984474182129,0.450887145996094,NaN,NaN
23.8416666666667,0.335271797180176,0.451089019775391,NaN,NaN
23.85,0.335573438008626,0.451350479125977,NaN,NaN
23.8583333333333,0.335802853902181,0.451605606079102,NaN,NaN
23.8666666666667,0.335961214701335,0.451738662719727,NaN,NaN
23.875,0.335983695983887,0.451891937255859,NaN,NaN
23.8833333333333,0.336148007710775,0.451980590820312,NaN,NaN
23.8916666666667,0.336148007710775,0.451980590820312,NaN,NaN
23.9,0.336345049540202,0.452276382446289,NaN,NaN
23.9083333333333,0.336437288920085,0.452335357666016,NaN,NaN
23.9166666666667,0.33647045135498,0.452446365356445,NaN,NaN
23.925,0.336556968688965,0.452445678710938,NaN,NaN
23.9333333333333,0.336701800028483,0.452366027832031,NaN,NaN
23.9416666666667,0.336950238545736,0.4524853515625,NaN,NaN
23.95,0.337107048034668,0.452220458984375,NaN,NaN
23.9583333333333,0.337155062357585,0.451780319213867,NaN,NaN
23.9666666666667,0.337151679992676,0.451264038085938,NaN,NaN
23.975,0.33718199412028,0.450836181640625,NaN,NaN
23.9833333333333,0.337285753885905,0.450521774291992,NaN,NaN
23.9916666666667,0.337424863179525,0.450481643676758,NaN,NaN
24,0.337607638041178,0.450296401977539,NaN,NaN
24.0083333333333,0.337711575826009,0.449897766113281,NaN,NaN
24.0166666666667,0.337758394877116,0.449531860351562,NaN,NaN
24.025,0.330247332255046,0.451304321289063,NaN,NaN
24.0333333333333,0.335292854309082,0.448740921020508,NaN,NaN
24.0416666666667,0.329976793924967,0.452503356933594,NaN,NaN
24.05,0.336028480529785,0.450596923828125,NaN,NaN
24.0583333333333,0.330464007059733,0.453816986083984,NaN,NaN
24.0666666666667,0.336703020731608,0.451894378662109,NaN,NaN
24.075,0.331572964986165,0.454718017578125,NaN,NaN
24.0833333333333,0.336281878153483,0.453831024169922,NaN,NaN
24.0916666666667,0.331521313985189,0.455352249145508,NaN,NaN
24.1,0.330147743225098,0.455146560668945,NaN,NaN
24.1083333333333,0.3296404393514,0.455326995849609,NaN,NaN
24.1166666666667,0.329659385681152,0.455912704467773,NaN,NaN
24.125,0.329672762552897,0.456425018310547,NaN,NaN
24.1333333333333,0.329873847961426,0.457008666992187,NaN,NaN
24.1416666666667,0.329873847961426,0.457008666992187,NaN,NaN
24.15,0.330177904764811,0.457690505981445,NaN,NaN
24.1583333333333,0.330420672098796,0.45817024230957,NaN,NaN
24.1666666666667,0.330874443054199,0.458732833862305,NaN,NaN
24.175,0.331334953308105,0.459264755249023,NaN,NaN
24.1833333333333,0.33158021291097,0.459685516357422,NaN,NaN
24.1916666666667,0.336783688863118,0.460283355712891,NaN,NaN
24.2,0.334225527445475,0.460964126586914,NaN,NaN
24.2083333333333,0.339997978210449,0.458917388916016,NaN,NaN
24.2166666666667,0.334390576680501,0.460223693847656,NaN,NaN
24.225,0.339835395812988,0.458379745483398,NaN,NaN
24.2333333333333,0.33473072052002,0.459983749389648,NaN,NaN
24.2416666666667,0.339550971984863,0.458087539672852,NaN,NaN
24.25,0.334347292582194,0.459364242553711,NaN,NaN
24.2583333333333,0.332486483256022,0.457773513793945,NaN,NaN
24.2666666666667,0.338619092305501,0.456936874389648,NaN,NaN
24.275,0.333699048360189,0.458303298950195,NaN,NaN
24.2833333333333,0.338069623311361,0.457621841430664,NaN,NaN
24.2916666666667,0.333419125874837,0.458449859619141,NaN,NaN
24.3,0.338183301289876,0.456539916992188,NaN,NaN
24.3083333333333,0.333206596374512,0.457116622924805,NaN,NaN
24.3166666666667,0.337136624654134,0.454804534912109,NaN,NaN
24.325,0.332352180480957,0.455523071289063,NaN,NaN
24.3333333333333,0.336611391703288,0.453892288208008,NaN,NaN
24.3416666666667,0.332014045715332,0.454812164306641,NaN,NaN
24.35,0.335547930399577,0.453837203979492,NaN,NaN
24.3583333333333,0.331033312479655,0.454261093139648,NaN,NaN
24.3666666666667,0.334592984517415,0.453074417114258,NaN,NaN
24.375,0.330381813049316,0.453821563720703,NaN,NaN
24.3833333333333,0.333994636535645,0.453297119140625,NaN,NaN
24.3916666666667,0.329091885884603,0.453986663818359,NaN,NaN
24.4,0.332118161519368,0.453257827758789,NaN,NaN
24.4083333333333,0.32734795888265,0.454260330200195,NaN,NaN
24.4166666666667,0.330985120137533,0.453405914306641,NaN,NaN
24.425,0.332492535909017,0.453305587768555,NaN,NaN
24.4333333333333,0.332739473978678,0.452537307739258,NaN,NaN
24.4416666666667,0.332452150980632,0.451352462768555,NaN,NaN
24.45,0.332044970194499,0.450855865478516,NaN,NaN
24.4583333333333,0.331581281026204,0.450160980224609,NaN,NaN
24.4666666666667,0.331097602844238,0.449272384643555,NaN,NaN
24.475,0.330250867207845,0.448617095947266,NaN,NaN
24.4833333333333,0.32937796274821,0.448431549072266,NaN,NaN
24.4916666666667,0.32845287322998,0.448222961425781,NaN,NaN
24.5,0.327418785095215,0.447989273071289,NaN,NaN
24.5083333333333,0.326496518452962,0.447959365844727,NaN,NaN
24.5166666666667,0.325249671936035,0.447959442138672,NaN,NaN
24.525,0.324209073384603,0.448003234863281,NaN,NaN
24.5333333333333,0.323154767354329,0.448176879882813,NaN,NaN
24.5416666666667,0.322166709899902,0.448237228393555,NaN,NaN
24.55,0.321182390848796,0.448235244750977,NaN,NaN
24.5583333333333,0.320314242045085,0.448603286743164,NaN,NaN
24.5666666666667,0.319521675109863,0.449209060668945,NaN,NaN
24.575,0.318686841328939,0.450028076171875,NaN,NaN
24.5833333333333,0.317663078308105,0.450530700683594,NaN,NaN
24.5916666666667,0.316753094991048,0.450991058349609,NaN,NaN
24.6,0.315810737609863,0.451885452270508,NaN,NaN
24.6083333333333,0.314763094584147,0.452663650512695,NaN,NaN
24.6166666666667,0.314009539286296,0.453699493408203,NaN,NaN
24.625,0.313228619893392,0.454560165405273,NaN,NaN
24.6333333333333,0.312702420552572,0.455441818237305,NaN,NaN
24.6416666666667,0.31176097869873,0.456516342163086,NaN,NaN
24.65,0.310970675150553,0.457429809570313,NaN,NaN
24.6583333333333,0.309987729390462,0.45853874206543,NaN,NaN
24.6666666666667,0.309081153869629,0.459332656860351,NaN,NaN
24.675,0.308336041768392,0.460039443969727,NaN,NaN
24.6833333333333,0.307414232889811,0.461006088256836,NaN,NaN
24.6916666666667,0.306440722147624,0.461636276245117,NaN,NaN
24.7,0.305418942769368,0.46232666015625,NaN,NaN
24.7083333333333,0.304484850565592,0.46325325012207,NaN,NaN
24.7166666666667,0.303529777526856,0.464411773681641,NaN,NaN
24.725,0.302446937561035,0.465448913574219,NaN,NaN
24.7333333333333,0.301281420389811,0.466227645874023,NaN,NaN
24.7416666666667,0.300119311014811,0.467169036865234,NaN,NaN
24.75,0.294913241068522,0.46950080871582,NaN,NaN
24.7583333333333,0.294695574442546,0.470523071289062,NaN,NaN
24.7666666666667,0.288995094299316,0.47210823059082,NaN,NaN
24.775,0.291131121317546,0.471918106079102,NaN,NaN
24.7833333333333,0.287033271789551,0.474407196044922,NaN,NaN
24.7916666666667,0.289422264099121,0.473812026977539,NaN,NaN
24.8,0.284749857584635,0.475827255249023,NaN,NaN
24.8083333333333,0.287097434997559,0.475463638305664,NaN,NaN
24.8166666666667,0.282904103597005,0.477618865966797,NaN,NaN
24.825,0.285192616780599,0.476894378662109,NaN,NaN
24.8333333333333,0.280621999104818,0.478442153930664,NaN,NaN
24.8416666666667,0.282928161621094,0.477282257080078,NaN,NaN
24.85,0.27882563273112,0.479131469726563,NaN,NaN
24.8583333333333,0.281196594238281,0.478401641845703,NaN,NaN
24.8666666666667,0.276962331136068,0.479071426391602,NaN,NaN
24.875,0.279732564290365,0.478259048461914,NaN,NaN
24.8833333333333,0.275429331461589,0.478804626464844,NaN,NaN
24.8916666666667,0.277844492594401,0.477513122558594,NaN,NaN
24.9,0.277844492594401,0.477513122558594,NaN,NaN
24.9083333333333,0.273662465413411,0.478836135864258,NaN,NaN
24.9166666666667,0.275850474039714,0.4773876953125,NaN,NaN
24.925,0.271738026936849,0.478386764526367,NaN,NaN
24.9333333333333,0.273985036214193,0.477854080200195,NaN,NaN
24.9416666666667,0.270294850667318,0.479009246826172,NaN,NaN
24.95,0.272430826822917,0.478626556396484,NaN,NaN
24.9583333333333,0.268719940185547,0.479791793823242,NaN,NaN
24.9666666666667,0.270928497314453,0.479319839477539,NaN,NaN
24.975,0.266995493570964,0.480349960327148,NaN,NaN
24.9833333333333,0.269400329589844,0.480548782348633,NaN,NaN
24.9916666666667,0.265483805338542,0.480775985717774,NaN,NaN
25,0.267501118977865,0.480387115478516,NaN,NaN
25.0083333333333,0.263697357177734,0.481062850952148,NaN,NaN
25.0166666666667,0.265863647460937,0.480922775268555,NaN,NaN
25.025,0.261779378255208,0.481779479980469,NaN,NaN
25.0333333333333,0.263968048095703,0.481657562255859,NaN,NaN
25.0416666666667,0.25977060953776,0.482859649658203,NaN,NaN
25.05,0.26186757405599,0.482952194213867,NaN,NaN
25.0583333333333,0.259629618326823,0.483329391479492,NaN,NaN
25.0666666666667,0.260780029296875,0.484427032470703,NaN,NaN
25.075,0.260857798258464,0.485265274047852,NaN,NaN
25.0833333333333,0.260623219807943,0.484644622802734,NaN,NaN
25.0916666666667,0.259923197428385,0.484199447631836,NaN,NaN
25.1,0.259142049153646,0.483588943481445,NaN,NaN
25.1083333333333,0.258215077718099,0.483227157592773,NaN,NaN
25.1166666666667,0.257355194091797,0.483269271850586,NaN,NaN
25.125,0.256486460367839,0.483412399291992,NaN,NaN
25.1333333333333,0.255590159098307,0.483734741210938,NaN,NaN
25.1416666666667,0.254585316975911,0.484071197509766,NaN,NaN
25.15,0.25353276570638,0.48426139831543,NaN,NaN
25.1583333333333,0.252627563476563,0.484714660644531,NaN,NaN
25.1666666666667,0.251663055419922,0.484934387207031,NaN,NaN
25.175,0.250739034016927,0.484963073730469,NaN,NaN
25.1833333333333,0.249904378255208,0.485220718383789,NaN,NaN
25.1916666666667,0.249101918538411,0.485576019287109,NaN,NaN
25.2,0.248390096028646,0.486058807373047,NaN,NaN
25.2083333333333,0.247674306233724,0.486496734619141,NaN,NaN
25.2166666666667,0.247093811035156,0.487038497924805,NaN,NaN
25.225,0.246622467041016,0.487413558959961,NaN,NaN
25.2333333333333,0.246093902587891,0.487856292724609,NaN,NaN
25.2416666666667,0.245398152669271,0.488674774169922,NaN,NaN
25.25,0.245398152669271,0.488674774169922,NaN,NaN
25.2583333333333,0.244743194580078,0.489247131347656,NaN,NaN
25.2666666666667,0.244182281494141,0.489738922119141,NaN,NaN
25.275,0.24354741414388,0.490251770019531,NaN,NaN
25.2833333333333,0.242917989095052,0.490685119628906,NaN,NaN
25.2916666666667,0.242363026936849,0.491122283935547,NaN,NaN
25.3,0.241817270914714,0.491673889160156,NaN,NaN
25.3083333333333,0.241281077067057,0.492065811157227,NaN,NaN
25.3166666666667,0.240835571289062,0.4925537109375,NaN,NaN
25.325,0.240405782063802,0.493081741333008,NaN,NaN
25.3333333333333,0.239756876627604,0.493617248535156,NaN,NaN
25.3416666666667,0.23923095703125,0.493890914916992,NaN,NaN
25.35,0.238707326253255,0.494368515014648,NaN,NaN
25.3583333333333,0.238159637451172,0.495097885131836,NaN,NaN
25.3666666666667,0.237662455240885,0.495903625488281,NaN,NaN
25.375,0.237236022949219,0.496731262207031,NaN,NaN
25.3833333333333,0.236781260172526,0.497599487304688,NaN,NaN
25.3916666666667,0.236377258300781,0.498607025146484,NaN,NaN
25.4,0.236164194742839,0.499650192260742,NaN,NaN
25.4083333333333,0.235902506510417,0.500822830200195,NaN,NaN
25.4166666666667,0.235521443684896,0.502139739990234,NaN,NaN
25.425,0.235112508138021,0.503331527709961,NaN,NaN
25.4333333333333,0.234598236083984,0.504090957641602,NaN,NaN
25.4416666666667,0.233974304199219,0.504525680541992,NaN,NaN
25.45,0.233974304199219,0.504525680541992,NaN,NaN
25.4583333333333,0.233362884521484,0.504731140136719,NaN,NaN
25.4666666666667,0.232742462158203,0.504912490844727,NaN,NaN
25.475,0.231796468098958,0.504931716918945,NaN,NaN
25.4833333333333,0.230784962972005,0.505141525268555,NaN,NaN
25.4916666666667,0.229914093017578,0.50578254699707,NaN,NaN
25.5,0.229228006998698,0.506517562866211,NaN,NaN
25.5083333333333,0.228741811116536,0.507123336791992,NaN,NaN
25.5166666666667,0.22836659749349,0.507744293212891,NaN,NaN
25.525,0.228123881022135,0.508485336303711,NaN,NaN
25.5333333333333,0.227818603515625,0.508951950073242,NaN,NaN
25.5416666666667,0.227425282796224,0.509164123535156,NaN,NaN
25.55,0.226990102132161,0.509490356445312,NaN,NaN
25.5583333333333,0.226579996744792,0.509844131469727,NaN,NaN
25.5666666666667,0.226363728841146,0.510344924926758,NaN,NaN
25.575,0.226170705159505,0.510758819580078,NaN,NaN
25.5833333333333,0.22596689860026,0.511100769042969,NaN,NaN
25.5916666666667,0.225828603108724,0.511320343017578,NaN,NaN
25.6,0.225641021728516,0.511512680053711,NaN,NaN
25.6083333333333,0.221929168701172,0.513155212402344,NaN,NaN
25.6166666666667,0.219044647216797,0.513828125,NaN,NaN
25.625,0.2177685546875,0.515828704833984,NaN,NaN
25.6333333333333,0.221891428629557,0.519627075195312,NaN,NaN
25.6416666666667,0.220026397705078,0.520092849731445,NaN,NaN
25.65,0.222642415364583,0.520012969970703,NaN,NaN
25.6583333333333,0.220280914306641,0.52010856628418,NaN,NaN
25.6666666666667,0.221720835367839,0.520369644165039,NaN,NaN
25.675,0.219629109700521,0.520808258056641,NaN,NaN
25.6833333333333,0.218475494384766,0.521408233642578,NaN,NaN
25.6916666666667,0.217790018717448,0.522437438964844,NaN,NaN
25.7,0.217444559733073,0.523929061889648,NaN,NaN
25.7083333333333,0.217012990315755,0.524926528930664,NaN,NaN
25.7166666666667,0.216710917154948,0.525636138916016,NaN,NaN
25.725,0.216415456136068,0.526433410644531,NaN,NaN
25.7333333333333,0.216409454345703,0.527496490478516,NaN,NaN
25.7416666666667,0.216393788655599,0.52804084777832,NaN,NaN
25.75,0.216385599772135,0.528435363769531,NaN,NaN
25.7583333333333,0.216443837483724,0.528745346069336,NaN,NaN
25.7666666666667,0.216501820882161,0.52903678894043,NaN,NaN
25.775,0.216358032226563,0.529399871826172,NaN,NaN
25.7833333333333,0.216221110026042,0.529603805541992,NaN,NaN
25.7916666666667,0.216175944010417,0.529714660644531,NaN,NaN
25.8,0.216134592692057,0.529845581054687,NaN,NaN
25.8083333333333,0.216042226155599,0.529896621704102,NaN,NaN
25.8166666666667,0.216042226155599,0.529896621704102,NaN,NaN
25.825,0.215915934244792,0.53004524230957,NaN,NaN
25.8333333333333,0.215723775227865,0.530121383666992,NaN,NaN
25.8416666666667,0.21555669148763,0.530179824829102,NaN,NaN
25.85,0.215398356119792,0.530358581542969,NaN,NaN
25.8583333333333,0.215242004394531,0.530545272827148,NaN,NaN
25.8666666666667,0.215179138183594,0.530596466064453,NaN,NaN
25.875,0.214965515136719,0.530163192749023,NaN,NaN
25.8833333333333,0.214868367513021,0.529950637817383,NaN,NaN
25.8916666666667,0.214784901936849,0.529874420166016,NaN,NaN
25.9,0.214683837890625,0.529709625244141,NaN,NaN
25.9083333333333,0.214650166829427,0.529479904174805,NaN,NaN
25.9166666666667,0.214629211425781,0.529296569824219,NaN,NaN
25.925,0.214715576171875,0.528966979980469,NaN,NaN
25.9333333333333,0.214927673339844,0.528513641357422,NaN,NaN
25.9416666666667,0.215116373697917,0.528068923950195,NaN,NaN
25.95,0.215275319417318,0.527772827148437,NaN,NaN
25.9583333333333,0.215357106526693,0.527261047363281,NaN,NaN
25.9666666666667,0.215291951497396,0.526691818237305,NaN,NaN
25.975,0.21535400390625,0.526192626953125,NaN,NaN
25.9833333333333,0.215547688802083,0.52567268371582,NaN,NaN
25.9916666666667,0.218449859619141,0.523398284912109,NaN,NaN
26,0.220970052083333,0.521597671508789,NaN,NaN
26.0083333333333,0.222244567871094,0.518836288452148,NaN,NaN
26.0166666666667,0.223098754882812,0.516253128051758,NaN,NaN
26.025,0.223599243164062,0.514427032470703,NaN,NaN
26.0333333333333,0.223675740559896,0.512685012817383,NaN,NaN
26.0416666666667,0.223675740559896,0.512685012817383,NaN,NaN
26.05,0.223798624674479,0.511296768188477,NaN,NaN
26.0583333333333,0.224003651936849,0.510061340332031,NaN,NaN
26.0666666666667,0.224140625,0.509355850219727,NaN,NaN
26.075,0.224312540690104,0.508415069580078,NaN,NaN
26.0833333333333,0.224545186360677,0.50724365234375,NaN,NaN
26.0916666666667,0.224793345133464,0.506212997436523,NaN,NaN
26.1,0.225021209716797,0.505528564453125,NaN,NaN
26.1083333333333,0.225269266764323,0.505080490112305,NaN,NaN
26.1166666666667,0.225438893636068,0.504453277587891,NaN,NaN
26.125,0.225640920003255,0.503775405883789,NaN,NaN
26.1333333333333,0.22577382405599,0.503214340209961,NaN,NaN
26.1416666666667,0.225928751627604,0.502621078491211,NaN,NaN
26.15,0.226162872314453,0.502199249267578,NaN,NaN
26.1583333333333,0.226494954427083,0.501828842163086,NaN,NaN
26.1666666666667,0.226860961914063,0.501453704833984,NaN,NaN
26.175,0.227288564046224,0.501218490600586,NaN,NaN
26.1833333333333,0.227690785725911,0.501056213378906,NaN,NaN
26.1916666666667,0.227866566975911,0.500810775756836,NaN,NaN
26.2,0.228262278238932,0.500962829589844,NaN,NaN
26.2083333333333,0.228738962809245,0.501291351318359,NaN,NaN
26.2166666666667,0.229041595458984,0.501554870605469,NaN,NaN
26.225,0.229393259684245,0.501579055786133,NaN,NaN
26.2333333333333,0.22977289835612,0.501698379516602,NaN,NaN
26.2416666666667,0.230207316080729,0.501775283813477,NaN,NaN
26.25,0.230566050211589,0.501936264038086,NaN,NaN
26.2583333333333,0.23089599609375,0.50200813293457,NaN,NaN
26.2666666666667,0.231102040608724,0.502049331665039,NaN,NaN
26.275,0.231219278971354,0.502143783569336,NaN,NaN
26.2833333333333,0.23140380859375,0.502043533325195,NaN,NaN
26.2916666666667,0.231614583333333,0.502021713256836,NaN,NaN
26.3,0.231857757568359,0.501897583007813,NaN,NaN
26.3083333333333,0.232110595703125,0.501824798583984,NaN,NaN
26.3166666666667,0.232356465657552,0.501851806640625,NaN,NaN
26.325,0.23272710164388,0.502121963500977,NaN,NaN
26.3333333333333,0.233087361653646,0.502499313354492,NaN,NaN
26.3416666666667,0.233496297200521,0.503081665039062,NaN,NaN
26.35,0.23389399210612,0.503721923828125,NaN,NaN
26.3583333333333,0.234327697753906,0.504097671508789,NaN,NaN
26.3666666666667,0.234894612630208,0.504662933349609,NaN,NaN
26.375,0.235320587158203,0.505159530639648,NaN,NaN
26.3833333333333,0.235747578938802,0.505829925537109,NaN,NaN
26.3916666666667,0.236097361246745,0.506372604370117,NaN,NaN
26.4,0.236249440511068,0.50659797668457,NaN,NaN
26.4083333333333,0.236524454752604,0.50693473815918,NaN,NaN
26.4166666666667,0.236651255289714,0.506980056762695,NaN,NaN
26.425,0.236955362955729,0.507344589233398,NaN,NaN
26.4333333333333,0.237248992919922,0.507697296142578,NaN,NaN
26.4416666666667,0.237567596435547,0.508279647827149,NaN,NaN
26.45,0.237819112141927,0.508357009887695,NaN,NaN
26.4583333333333,0.238105773925781,0.508598022460937,NaN,NaN
26.4666666666667,0.238478291829427,0.508920669555664,NaN,NaN
26.475,0.238926035563151,0.50939094543457,NaN,NaN
26.4833333333333,0.239332834879557,0.509682769775391,NaN,NaN
26.4916666666667,0.239797770182292,0.509829940795898,NaN,NaN
26.5,0.240206298828125,0.51012939453125,NaN,NaN
26.5083333333333,0.240722351074219,0.510473175048828,NaN,NaN
26.5166666666667,0.241212972005208,0.510821151733398,NaN,NaN
26.525,0.241667683919271,0.510952987670898,NaN,NaN
26.5333333333333,0.242285003662109,0.511352233886719,NaN,NaN
26.5416666666667,0.243066101074219,0.511543731689453,NaN,NaN
26.55,0.243769124348958,0.511879119873047,NaN,NaN
26.5583333333333,0.244458821614583,0.511957550048828,NaN,NaN
26.5666666666667,0.245155385335286,0.511811294555664,NaN,NaN
26.575,0.242676798502604,0.51040901184082,NaN,NaN
26.5833333333333,0.241133371988932,0.511951446533203,NaN,NaN
26.5916666666667,0.240756530761719,0.514386444091797,NaN,NaN
26.6,0.244043884277344,0.514483108520508,NaN,NaN
26.6083333333333,0.247325083414714,0.515551986694336,NaN,NaN
26.6166666666667,0.250017954508464,0.515613021850586,NaN,NaN
26.625,0.251895751953125,0.51467041015625,NaN,NaN
26.6333333333333,0.253530527750651,0.513675003051758,NaN,NaN
26.6416666666667,0.254864705403646,0.512286071777344,NaN,NaN
26.65,0.256003061930339,0.511535949707031,NaN,NaN
26.6583333333333,0.257077941894531,0.510825958251953,NaN,NaN
26.6666666666667,0.258000996907552,0.510011825561523,NaN,NaN
26.675,0.259000854492187,0.509116744995117,NaN,NaN
26.6833333333333,0.26006830851237,0.508468017578125,NaN,NaN
26.6916666666667,0.261298980712891,0.507846832275391,NaN,NaN
26.7,0.26251942952474,0.507060317993164,NaN,NaN
26.7083333333333,0.263804575602214,0.506580276489258,NaN,NaN
26.7166666666667,0.264999694824219,0.50634033203125,NaN,NaN
26.725,0.266300252278646,0.506833038330078,NaN,NaN
26.7333333333333,0.267538350423177,0.50723258972168,NaN,NaN
26.7416666666667,0.268684285481771,0.507885665893555,NaN,NaN
26.75,0.269937998453776,0.508432693481445,NaN,NaN
26.7583333333333,0.271101277669271,0.509098892211914,NaN,NaN
26.7666666666667,0.272406361897786,0.510006713867188,NaN,NaN
26.775,0.273756459554036,0.511016159057617,NaN,NaN
26.7833333333333,0.275098724365234,0.511749954223633,NaN,NaN
26.7916666666667,0.276468709309896,0.512798614501953,NaN,NaN
26.8,0.27776616414388,0.51417106628418,NaN,NaN
26.8083333333333,0.27930170694987,0.515708389282227,NaN,NaN
26.8166666666667,0.28088857014974,0.517054138183594,NaN,NaN
26.825,0.282339172363281,0.518225936889648,NaN,NaN
26.8333333333333,0.28374506632487,0.519464569091797,NaN,NaN
26.8416666666667,0.28374506632487,0.519464569091797,NaN,NaN
26.85,0.285178070068359,0.520094146728516,NaN,NaN
26.8583333333333,0.286633097330729,0.52065788269043,NaN,NaN
26.8666666666667,0.289118843078613,0.521326522827148,NaN,NaN
26.875,0.290319048563639,0.521756057739258,NaN,NaN
26.8833333333333,0.291693992614746,0.522428359985352,NaN,NaN
26.8916666666667,0.293239097595215,0.522878494262695,NaN,NaN
26.9,0.294724922180176,0.523230819702148,NaN,NaN
26.9083333333333,0.294724922180176,0.523230819702148,NaN,NaN
26.9166666666667,0.296241188049316,0.523671569824219,NaN,NaN
26.925,0.297641181945801,0.5237548828125,NaN,NaN
26.9333333333333,0.298885358174642,0.523759918212891,NaN,NaN
26.9416666666667,0.300038414001465,0.523783874511719,NaN,NaN
26.95,0.300815747578939,0.52430778503418,NaN,NaN
26.9583333333333,0.301475410461426,0.524460754394531,NaN,NaN
26.9666666666667,0.302466850280762,0.524271926879883,NaN,NaN
26.975,0.303306719462077,0.524148101806641,NaN,NaN
26.9833333333333,0.303903821309408,0.524175109863281,NaN,NaN
26.9916666666667,0.304770215352376,0.524468307495117,NaN,NaN
27,0.305528831481934,0.524843597412109,NaN,NaN
27.0083333333333,0.306291542053223,0.52507568359375,NaN,NaN
27.0166666666667,0.307019386291504,0.525088653564453,NaN,NaN
27.025,0.307887484232585,0.525317230224609,NaN,NaN
27.0333333333333,0.308990516662598,0.526033248901367,NaN,NaN
27.0416666666667,0.310128059387207,0.526514282226562,NaN,NaN
27.05,0.311254819234212,0.527010116577148,NaN,NaN
27.0583333333333,0.31237600962321,0.527807006835938,NaN,NaN
27.0666666666667,0.31362491607666,0.528381195068359,NaN,NaN
27.075,0.314764798482259,0.529275131225586,NaN,NaN
27.0833333333333,0.315957578023275,0.530702972412109,NaN,NaN
27.0916666666667,0.317579765319824,0.532935409545898,NaN,NaN
27.1,0.319453570048014,0.534524993896484,NaN,NaN
27.1083333333333,0.321523145039876,0.536671981811523,NaN,NaN
27.1166666666667,0.323812344868978,0.53806770324707,NaN,NaN
27.125,0.326050504048665,0.539437637329102,NaN,NaN
27.1333333333333,0.328472455342611,0.540467300415039,NaN,NaN
27.1416666666667,0.33080514272054,0.541561050415039,NaN,NaN
27.15,0.333233884175618,0.542073745727539,NaN,NaN
27.1583333333333,0.335646222432454,0.542877731323242,NaN,NaN
27.1666666666667,0.338303972880046,0.543128204345703,NaN,NaN
27.175,0.340693117777507,0.54304069519043,NaN,NaN
27.1833333333333,0.340255928039551,0.543404998779297,NaN,NaN
27.1916666666667,0.344671338399251,0.543336410522461,NaN,NaN
27.2,0.344220314025879,0.544966812133789,NaN,NaN
27.2083333333333,0.350764172871908,0.545796432495117,NaN,NaN
27.2166666666667,0.349905916849772,0.54754150390625,NaN,NaN
27.225,0.356335055033366,0.547592010498047,NaN,NaN
27.2333333333333,0.35542667388916,0.548891448974609,NaN,NaN
27.2416666666667,0.361836992899577,0.549149398803711,NaN,NaN
27.25,0.361836992899577,0.549149398803711,NaN,NaN
27.2583333333333,0.360642255147298,0.549066390991211,NaN,NaN
27.2666666666667,0.362028160095215,0.548643417358398,NaN,NaN
27.275,0.363821881612142,0.549108734130859,NaN,NaN
27.2833333333333,0.365753415425618,0.549907150268555,NaN,NaN
27.2916666666667,0.367759717305501,0.551056747436523,NaN,NaN
27.3,0.369731000264486,0.552255401611328,NaN,NaN
27.3083333333333,0.371774635314941,0.553423156738281,NaN,NaN
27.3166666666667,0.375645306905111,0.556262512207031,NaN,NaN
27.325,0.378638776143392,0.557797622680664,NaN,NaN
27.3333333333333,0.381102078755697,0.559110565185547,NaN,NaN
27.3416666666667,0.383354021708171,0.560715408325195,NaN,NaN
27.35,0.385376243591309,0.562094192504883,NaN,NaN
27.3583333333333,0.39213436126709,0.564491500854492,NaN,NaN
27.3666666666667,0.390992596944173,0.564734268188477,NaN,NaN
27.375,0.396136207580566,0.565810699462891,NaN,NaN
27.3833333333333,0.394706281026204,0.56584114074707,NaN,NaN
27.3916666666667,0.399703356424967,0.567445526123047,NaN,NaN
27.4,0.398167928059896,0.56841552734375,NaN,NaN
27.4083333333333,0.403216145833333,0.56976203918457,NaN,NaN
27.4166666666667,0.400629425048828,0.570259475708008,NaN,NaN
27.425,0.405759137471517,0.571729583740234,NaN,NaN
27.4333333333333,0.403335723876953,0.572226791381836,NaN,NaN
27.4416666666667,0.408143984476725,0.573194961547852,NaN,NaN
27.45,0.405870882670085,0.573474426269531,NaN,NaN
27.4583333333333,0.410826327006022,0.574956893920898,NaN,NaN
27.4666666666667,0.407805213928223,0.575778503417969,NaN,NaN
27.475,0.412309532165527,0.57634765625,NaN,NaN
27.4833333333333,0.40942554473877,0.577177200317383,NaN,NaN
27.4916666666667,0.414021466573079,0.577974014282227,NaN,NaN
27.5,0.410856997172038,0.578263702392578,NaN,NaN
27.5083333333333,0.415275243123372,0.579219665527344,NaN,NaN
27.5166666666667,0.412570317586263,0.579614181518555,NaN,NaN
27.525,0.416358477274577,0.579748840332031,NaN,NaN
27.5333333333333,0.413606249491374,0.580647506713867,NaN,NaN
27.5416666666667,0.417387619018555,0.580982208251953,NaN,NaN
27.55,0.414399032592773,0.581766586303711,NaN,NaN
27.5583333333333,0.418104400634766,0.58216178894043,NaN,NaN
27.5666666666667,0.415008392333984,0.582510299682617,NaN,NaN
27.575,0.414682985941569,0.581055374145508,NaN,NaN
27.5833333333333,0.418538309733073,0.581870498657227,NaN,NaN
27.5916666666667,0.420032501220703,0.583795394897461,NaN,NaN
27.6,0.420032501220703,0.583795394897461,NaN,NaN
27.6083333333333,0.420524241129557,0.584715881347656,NaN,NaN
27.6166666666667,0.420581029256185,0.584720230102539,NaN,NaN
27.625,0.420682360331217,0.584563751220703,NaN,NaN
27.6333333333333,0.420623029073079,0.584071578979492,NaN,NaN
27.6416666666667,0.420441068013509,0.583439788818359,NaN,NaN
27.65,0.420332934061686,0.582768478393555,NaN,NaN
27.6583333333333,0.420226923624675,0.581928863525391,NaN,NaN
27.6666666666667,0.420047162373861,0.581164474487305,NaN,NaN
27.675,0.419772288004557,0.580082473754883,NaN,NaN
27.6833333333333,0.41939395904541,0.579132766723633,NaN,NaN
27.6916666666667,0.41910654703776,0.578394622802734,NaN,NaN
27.7,0.418787104288737,0.577693862915039,NaN,NaN
27.7083333333333,0.418451817830404,0.577169418334961,NaN,NaN
27.7166666666667,0.418113670349121,0.576664428710937,NaN,NaN
27.725,0.417771186828613,0.576277542114258,NaN,NaN
27.7333333333333,0.417412986755371,0.575651550292969,NaN,NaN
27.7416666666667,0.416854260762533,0.574743881225586,NaN,NaN
27.75,0.416112289428711,0.573612594604492,NaN,NaN
27.7583333333333,0.415463879903158,0.572573165893555,NaN,NaN
27.7666666666667,0.414565963745117,0.571185836791992,NaN,NaN
27.775,0.413732643127441,0.569819107055664,NaN,NaN
27.7833333333333,0.412995325724284,0.568560485839844,NaN,NaN
27.7916666666667,0.412227783203125,0.567694854736328,NaN,NaN
27.8,0.411469345092773,0.56689826965332,NaN,NaN
27.8083333333333,0.41071725209554,0.56595832824707,NaN,NaN
27.8166666666667,0.41071725209554,0.56595832824707,NaN,NaN
27.825,0.409937184651693,0.565102691650391,NaN,NaN
27.8333333333333,0.409012769063314,0.564200057983398,NaN,NaN
27.8416666666667,0.408137486775716,0.56349723815918,NaN,NaN
27.85,0.407246500651042,0.562632522583008,NaN,NaN
27.8583333333333,0.406323992411296,0.561986694335938,NaN,NaN
27.8666666666667,0.405480880737305,0.561563262939453,NaN,NaN
27.875,0.404610888163249,0.561215667724609,NaN,NaN
27.8833333333333,0.403804155985514,0.560936431884766,NaN,NaN
27.8916666666667,0.403128293355306,0.560781784057617,NaN,NaN
27.9,0.402311833699544,0.560348205566406,NaN,NaN
27.9083333333333,0.401800168355306,0.560028762817383,NaN,NaN
27.9166666666667,0.401357040405273,0.55978401184082,NaN,NaN
27.925,0.401357040405273,0.55978401184082,NaN,NaN
27.9333333333333,0.40083740234375,0.559627990722656,NaN,NaN
27.9416666666667,0.400501467386882,0.5594189453125,NaN,NaN
27.95,0.400201327006022,0.559208068847656,NaN,NaN
27.9583333333333,0.399960378011068,0.5591943359375,NaN,NaN
27.9666666666667,0.399836489359538,0.559213256835937,NaN,NaN
27.975,0.399800567626953,0.559345855712891,NaN,NaN
27.9833333333333,0.399786262512207,0.559484558105469,NaN,NaN
27.9916666666667,0.399793395996094,0.559620971679687,NaN,NaN
28,0.399732004801432,0.559776077270508,NaN,NaN
28.0083333333333,0.399526634216309,0.559844284057617,NaN,NaN
28.0166666666667,0.399339230855306,0.559574127197266,NaN,NaN
28.025,0.399263598124186,0.559453277587891,NaN,NaN
28.0333333333333,0.399312998453776,0.559121246337891,NaN,NaN
28.0416666666667,0.399390678405762,0.558700637817383,NaN,NaN
28.05,0.399533220926921,0.558486099243164,NaN,NaN
28.0583333333333,0.399666226704915,0.558399887084961,NaN,NaN
28.0666666666667,0.399787940979004,0.558355941772461,NaN,NaN
28.075,0.399770596822103,0.558334884643555,NaN,NaN
28.0833333333333,0.399757474263509,0.55833251953125,NaN,NaN
28.0916666666667,0.400000915527344,0.558329849243164,NaN,NaN
28.1,0.400250485738118,0.558214492797852,NaN,NaN
28.1083333333333,0.400250485738118,0.558214492797852,NaN,NaN
28.1166666666667,0.400519777933756,0.558121795654297,NaN,NaN
28.125,0.400849863688151,0.557939147949219,NaN,NaN
28.1333333333333,0.401019770304362,0.557817840576172,NaN,NaN
28.1416666666667,0.401041895548503,0.557570648193359,NaN,NaN
28.15,0.401257934570313,0.557366790771484,NaN,NaN
28.1583333333333,0.401291707356771,0.556976928710938,NaN,NaN
28.1666666666667,0.398123728434245,0.557659454345703,NaN,NaN
28.175,0.399671745300293,0.555908813476563,NaN,NaN
28.1833333333333,0.400640576680501,0.556510696411133,NaN,NaN
28.1916666666667,0.396587600708008,0.557896270751953,NaN,NaN
28.2,0.399695917765299,0.556713027954101,NaN,NaN
28.2083333333333,0.396231155395508,0.558096923828125,NaN,NaN
28.2166666666667,0.399871406555176,0.556956253051758,NaN,NaN
28.225,0.399522145589193,0.557539596557617,NaN,NaN
28.2333333333333,0.400800692240397,0.55732795715332,NaN,NaN
28.2416666666667,0.40160893758138,0.557332153320312,NaN,NaN
28.25,0.401939493815104,0.556889801025391,NaN,NaN
28.2583333333333,0.401867815653483,0.556624755859375,NaN,NaN
28.2666666666667,0.401607195536296,0.555716552734375,NaN,NaN
28.275,0.401492589314779,0.554887084960938,NaN,NaN
28.2833333333333,0.401492589314779,0.554887084960938,NaN,NaN
28.2916666666667,0.401246337890625,0.554309768676758,NaN,NaN
28.3,0.400957514444987,0.553959274291992,NaN,NaN
28.3083333333333,0.400727691650391,0.55344367980957,NaN,NaN
28.3166666666667,0.400597089131673,0.55322883605957,NaN,NaN
28.325,0.400346616109212,0.552873077392578,NaN,NaN
28.3333333333333,0.400229695638021,0.552762832641602,NaN,NaN
28.3416666666667,0.400137570699056,0.552548904418945,NaN,NaN
28.35,0.400008379618327,0.552364730834961,NaN,NaN
28.3583333333333,0.399852511088053,0.552333145141602,NaN,NaN
28.3666666666667,0.399681739807129,0.552264404296875,NaN,NaN
28.375,0.399589653015137,0.552106628417969,NaN,NaN
28.3833333333333,0.399598197937012,0.551939926147461,NaN,NaN
28.3916666666667,0.399465268452962,0.551689300537109,NaN,NaN
28.4,0.399484519958496,0.551394958496094,NaN,NaN
28.4083333333333,0.399247550964355,0.551087875366211,NaN,NaN
28.4166666666667,0.399045257568359,0.550903244018555,NaN,NaN
28.425,0.399076588948568,0.550897674560547,NaN,NaN
28.4333333333333,0.399052607218425,0.550924987792969,NaN,NaN
28.4416666666667,0.399168663024902,0.55114013671875,NaN,NaN
28.45,0.399321200052897,0.551392822265625,NaN,NaN
28.4583333333333,0.399420789082845,0.551800155639648,NaN,NaN
28.4666666666667,0.399315096537272,0.551985702514648,NaN,NaN
28.475,0.399148419698079,0.552053985595703,NaN,NaN
28.4833333333333,0.399258359273275,0.551944961547852,NaN,NaN
28.4916666666667,0.399384206136068,0.551857070922852,NaN,NaN
28.5,0.399722455342611,0.551667098999023,NaN,NaN
28.5083333333333,0.399960645039876,0.55131965637207,NaN,NaN
28.5166666666667,0.399988212585449,0.550884246826172,NaN,NaN
28.525,0.400108528137207,0.550491943359375,NaN,NaN
28.5333333333333,0.400211321512858,0.550134658813477,NaN,NaN
28.5416666666667,0.400392456054688,0.54991943359375,NaN,NaN
28.55,0.400557505289714,0.549747543334961,NaN,NaN
28.5583333333333,0.400825424194336,0.54979362487793,NaN,NaN
28.5666666666667,0.401220868428548,0.549780731201172,NaN,NaN
28.575,0.401531931559245,0.549990692138672,NaN,NaN
28.5833333333333,0.401852467854818,0.550154800415039,NaN,NaN
28.5916666666667,0.401934776306152,0.550289077758789,NaN,NaN
28.6,0.40200262705485,0.550512924194336,NaN,NaN
28.6083333333333,0.402144139607747,0.550690231323242,NaN,NaN
28.6166666666667,0.402424379984538,0.550878143310547,NaN,NaN
28.625,0.402456423441569,0.550982894897461,NaN,NaN
28.6333333333333,0.402520027160645,0.551391754150391,NaN,NaN
28.6416666666667,0.402482872009277,0.551914138793945,NaN,NaN
28.65,0.40268383026123,0.55235237121582,NaN,NaN
28.6583333333333,0.402863807678223,0.552953948974609,NaN,NaN
28.6666666666667,0.402981936136881,0.553514022827148,NaN,NaN
28.675,0.403050435384115,0.554176254272461,NaN,NaN
28.6833333333333,0.403347956339518,0.555009078979492,NaN,NaN
28.6916666666667,0.403753573099772,0.555986862182617,NaN,NaN
28.7,0.404068361918131,0.5568994140625,NaN,NaN
28.7083333333333,0.404416211446126,0.557785263061523,NaN,NaN
28.7166666666667,0.404665679931641,0.558506088256836,NaN,NaN
28.725,0.404918378194173,0.559245758056641,NaN,NaN
28.7333333333333,0.405121294657389,0.559851608276367,NaN,NaN
28.7416666666667,0.405229098002116,0.560609283447266,NaN,NaN
28.75,0.405463485717774,0.561217651367187,NaN,NaN
28.7583333333333,0.405785751342773,0.562140884399414,NaN,NaN
28.7666666666667,0.40192860921224,0.564804916381836,NaN,NaN
28.775,0.405208422342936,0.567346343994141,NaN,NaN
28.7833333333333,0.402010192871094,0.568606948852539,NaN,NaN
28.7916666666667,0.405443013509115,0.568868026733398,NaN,NaN
28.8,0.402149543762207,0.569693374633789,NaN,NaN
28.8083333333333,0.405907185872396,0.569274215698242,NaN,NaN
28.8166666666667,0.402840309143066,0.570383605957031,NaN,NaN
28.825,0.406130765279134,0.569174194335938,NaN,NaN
28.8333333333333,0.402768058776856,0.570060958862305,NaN,NaN
28.8416666666667,0.401218694051107,0.56929557800293,NaN,NaN
28.85,0.400630900065104,0.568626403808594,NaN,NaN
28.8583333333333,0.400302505493164,0.568371658325195,NaN,NaN
28.8666666666667,0.400254694620768,0.568927383422852,NaN,NaN
28.875,0.400356318155924,0.569571533203125,NaN,NaN
28.8833333333333,0.40052438100179,0.57026496887207,NaN,NaN
28.8916666666667,0.400611190795899,0.570818099975586,NaN,NaN
28.9,0.400768063863118,0.57126594543457,NaN,NaN
28.9083333333333,0.400936470031738,0.571508483886719,NaN,NaN
28.9166666666667,0.400834376017253,0.571758728027344,NaN,NaN
28.925,0.400766143798828,0.571989898681641,NaN,NaN
28.9333333333333,0.400985260009766,0.572365112304688,NaN,NaN
28.9416666666667,0.401064491271973,0.572645721435547,NaN,NaN
28.95,0.4012810643514,0.572928161621094,NaN,NaN
28.9583333333333,0.401401685078939,0.573177032470703,NaN,NaN
28.9666666666667,0.401579602559408,0.573600311279297,NaN,NaN
28.975,0.401583976745605,0.573950576782227,NaN,NaN
28.9833333333333,0.401721916198731,0.57435661315918,NaN,NaN
28.9916666666667,0.401770820617676,0.574694976806641,NaN,NaN
29,0.401774965922038,0.574872665405273,NaN,NaN
29.0083333333333,0.401779848734538,0.574975509643555,NaN,NaN
29.0166666666667,0.401776123046875,0.57494255065918,NaN,NaN
29.025,0.401652475992839,0.574725799560547,NaN,NaN
29.0333333333333,0.401673762003581,0.574615173339844,NaN,NaN
29.0416666666667,0.401711680094401,0.574432983398438,NaN,NaN
29.05,0.401731885274251,0.574127426147461,NaN,NaN
29.0583333333333,0.401740303039551,0.573874053955078,NaN,NaN
29.0666666666667,0.401716334025065,0.573719711303711,NaN,NaN
29.075,0.401785380045573,0.573582305908203,NaN,NaN
29.0833333333333,0.401878204345703,0.573447189331055,NaN,NaN
29.0916666666667,0.401974207560221,0.573414001464844,NaN,NaN
29.1,0.402138964335124,0.573285522460937,NaN,NaN
29.1083333333333,0.402271041870117,0.573105239868164,NaN,NaN
29.1166666666667,0.4026495997111,0.57298095703125,NaN,NaN
29.125,0.40347354888916,0.573077392578125,NaN,NaN
29.1333333333333,0.408198661804199,0.573107757568359,NaN,NaN
29.1416666666667,0.409912668863932,0.573383102416992,NaN,NaN
29.15,0.410718231201172,0.572817306518555,NaN,NaN
29.1583333333333,0.411070734659831,0.572134094238281,NaN,NaN
29.1666666666667,0.411525001525879,0.571632766723633,NaN,NaN
29.175,0.412115084330241,0.571263122558594,NaN,NaN
29.1833333333333,0.412477111816406,0.571146697998047,NaN,NaN
29.1916666666667,0.412499631245931,0.570791168212891,NaN,NaN
29.2,0.412552108764648,0.570214691162109,NaN,NaN
29.2083333333333,0.412625350952148,0.569604110717773,NaN,NaN
29.2166666666667,0.412625350952148,0.569604110717773,NaN,NaN
29.225,0.412786801656087,0.568923568725586,NaN,NaN
29.2333333333333,0.412927449544271,0.568059844970703,NaN,NaN
29.2416666666667,0.413156750996908,0.56724609375,NaN,NaN
29.25,0.413331960042318,0.566187591552734,NaN,NaN
29.2583333333333,0.413519643147786,0.565571746826172,NaN,NaN
29.2666666666667,0.413748168945313,0.565021667480469,NaN,NaN
29.275,0.413792966206869,0.5644677734375,NaN,NaN
29.2833333333333,0.413698997497559,0.563923263549805,NaN,NaN
29.2916666666667,0.413536173502604,0.56351676940918,NaN,NaN
29.3,0.413389155069987,0.563249206542969,NaN,NaN
29.3083333333333,0.413120307922363,0.562903289794922,NaN,NaN
29.3166666666667,0.41259391784668,0.562484588623047,NaN,NaN
29.325,0.411886825561523,0.56163444519043,NaN,NaN
29.3333333333333,0.411381530761719,0.560562286376953,NaN,NaN
29.3416666666667,0.411026369730631,0.559982147216797,NaN,NaN
29.35,0.410581601460775,0.559355010986328,NaN,NaN
29.3583333333333,0.410307083129883,0.559216842651367,NaN,NaN
29.3666666666667,0.41005687713623,0.559195404052734,NaN,NaN
29.375,0.409780184427897,0.559374465942383,NaN,NaN
29.3833333333333,0.409655062357585,0.559672241210938,NaN,NaN
29.3916666666667,0.409338874816895,0.559941711425781,NaN,NaN
29.4,0.409113082885742,0.560280151367188,NaN,NaN
29.4083333333333,0.408759702046712,0.560438919067383,NaN,NaN
29.4166666666667,0.408530489603678,0.560698394775391,NaN,NaN
29.425,0.408356628417969,0.560820922851562,NaN,NaN
29.4333333333333,0.408475507100423,0.560839920043945,NaN,NaN
29.4416666666667,0.408518867492676,0.560703735351562,NaN,NaN
29.45,0.40837459564209,0.559969329833984,NaN,NaN
29.4583333333333,0.408261159261068,0.559371643066406,NaN,NaN
29.4666666666667,0.408260116577148,0.559133834838867,NaN,NaN
29.475,0.408178164164225,0.559037017822266,NaN,NaN
29.4833333333333,0.408217074076335,0.559575958251953,NaN,NaN
29.4916666666667,0.408232103983561,0.560216827392578,NaN,NaN
29.5,0.402818285624186,0.561708297729492,NaN,NaN
29.5083333333333,0.405579605102539,0.559935913085937,NaN,NaN
29.5166666666667,0.402459589640299,0.561699295043945,NaN,NaN
29.525,0.402459589640299,0.561699295043945,NaN,NaN
29.5333333333333,0.405679486592611,0.560940933227539,NaN,NaN
29.5416666666667,0.401839167277018,0.561433944702148,NaN,NaN
29.55,0.404979832967122,0.56099967956543,NaN,NaN
29.5583333333333,0.400891380310059,0.560675048828125,NaN,NaN
29.5666666666667,0.404773801167806,0.560785980224609,NaN,NaN
29.575,0.400803553263346,0.560111694335937,NaN,NaN
29.5833333333333,0.404320309956869,0.560246734619141,NaN,NaN
29.5916666666667,0.400260111490885,0.559615020751953,NaN,NaN
29.6,0.404217147827148,0.559372253417969,NaN,NaN
29.6083333333333,0.400898005167643,0.558538970947266,NaN,NaN
29.6166666666667,0.404956639607747,0.559149475097656,NaN,NaN
29.625,0.401606737772624,0.558474807739258,NaN,NaN
29.6333333333333,0.404945322672526,0.558887405395508,NaN,NaN
29.6416666666667,0.401783129374186,0.558231506347656,NaN,NaN
29.65,0.401783129374186,0.558231506347656,NaN,NaN
29.6583333333333,0.401145617167155,0.557459869384766,NaN,NaN
29.6666666666667,0.406129506429036,0.55778205871582,NaN,NaN
29.675,0.402439104715983,0.557594604492188,NaN,NaN
29.6833333333333,0.40611156463623,0.557717056274414,NaN,NaN
29.6916666666667,0.40611156463623,0.557717056274414,NaN,NaN
29.7,0.407170944213867,0.557207336425781,NaN,NaN
29.7083333333333,0.40238156636556,0.555430526733398,NaN,NaN
29.7166666666667,0.406381594340007,0.555123977661133,NaN,NaN
29.725,0.402550252278646,0.554565505981445,NaN,NaN
29.7333333333333,0.406200230916341,0.554798202514649,NaN,NaN
29.7416666666667,0.407017008463542,0.555639190673828,NaN,NaN
29.75,0.407017008463542,0.555639190673828,NaN,NaN
29.7583333333333,0.401754201253255,0.556166915893555,NaN,NaN
29.7666666666667,0.405211346944173,0.555125350952148,NaN,NaN
29.775,0.401355756123861,0.555363082885742,NaN,NaN
29.7833333333333,0.405008074442546,0.555122985839844,NaN,NaN
29.7916666666667,0.401251538594564,0.556912536621094,NaN,NaN
29.8,0.404965108235677,0.556477432250977,NaN,NaN
29.8083333333333,0.406308008829753,0.558039093017578,NaN,NaN
29.8166666666667,0.406308008829753,0.558039093017578,NaN,NaN
29.825,0.406654116312663,0.558928833007812,NaN,NaN
29.8333333333333,0.406784019470215,0.559337768554687,NaN,NaN
29.8416666666667,0.406902224222819,0.559140396118164,NaN,NaN
29.85,0.406373176574707,0.558022613525391,NaN,NaN
29.8583333333333,0.406034711201986,0.55671142578125,NaN,NaN
29.8666666666667,0.405584284464518,0.555223922729492,NaN,NaN
29.875,0.405584284464518,0.555223922729492,NaN,NaN
29.8833333333333,0.404518699645996,0.553094100952148,NaN,NaN
29.8916666666667,0.403607355753581,0.553082962036133,NaN,NaN
29.9,0.403251736958822,0.554161834716797,NaN,NaN
29.9083333333333,0.403074022928874,0.555387573242188,NaN,NaN
29.9166666666667,0.402871119181315,0.556465148925781,NaN,NaN
29.925,0.40265572865804,0.557125091552734,NaN,NaN
29.9333333333333,0.402514419555664,0.557356033325195,NaN,NaN
29.9416666666667,0.402514419555664,0.557356033325195,NaN,NaN
29.95,0.402043724060059,0.557055282592773,NaN,NaN
29.9583333333333,0.401628532409668,0.556305084228516,NaN,NaN
29.9666666666667,0.401344375610352,0.556123580932617,NaN,NaN
29.975,0.401354993184407,0.557062225341797,NaN,NaN
29.9833333333333,0.401354993184407,0.557062225341797,NaN,NaN
29.9916666666667,0.401342175801595,0.55815055847168,NaN,NaN
30,0.40148328145345,0.559564208984375,NaN,NaN
30.0083333333333,0.40161730448405,0.56087287902832,NaN,NaN
30.0166666666667,0.401645978291829,0.561866149902344,NaN,NaN
30.025,0.401577033996582,0.5627587890625,NaN,NaN
30.0333333333333,0.401577033996582,0.5627587890625,NaN,NaN
30.0416666666667,0.401662508646647,0.563626861572266,NaN,NaN
30.05,0.402073631286621,0.56511962890625,NaN,NaN
30.0583333333333,0.402267888387044,0.566138916015625,NaN,NaN
30.0666666666667,0.402496109008789,0.566835632324219,NaN,NaN
30.075,0.402573229471842,0.567173156738281,NaN,NaN
30.0833333333333,0.40259947458903,0.56783332824707,NaN,NaN
30.0916666666667,0.402480850219727,0.568617858886719,NaN,NaN
30.1,0.402480850219727,0.568617858886719,NaN,NaN
30.1083333333333,0.402439715067546,0.569459075927734,NaN,NaN
30.1166666666667,0.402445983886719,0.571583404541016,NaN,NaN
30.125,0.402441609700521,0.574402847290039,NaN,NaN
30.1333333333333,0.402762921651204,0.578384704589844,NaN,NaN
30.1416666666667,0.402884140014648,0.580924835205078,NaN,NaN
30.15,0.403004264831543,0.582459716796875,NaN,NaN
30.1583333333333,0.403061434427897,0.583361892700195,NaN,NaN
30.1666666666667,0.40312806447347,0.584157791137695,NaN,NaN
30.175,0.40312806447347,0.584157791137695,NaN,NaN
30.1833333333333,0.403145357767741,0.584581146240234,NaN,NaN
30.1916666666667,0.403011805216471,0.584746932983398,NaN,NaN
30.2,0.402779604593913,0.584555892944336,NaN,NaN
30.2083333333333,0.402663879394531,0.583896026611328,NaN,NaN
30.2166666666667,0.40264347076416,0.583327560424805,NaN,NaN
30.225,0.402953694661458,0.583177337646484,NaN,NaN
30.2333333333333,0.403197530110677,0.583108978271484,NaN,NaN
30.2416666666667,0.40335386912028,0.583053283691406,NaN,NaN
30.25,0.40335386912028,0.583053283691406,NaN,NaN
30.2583333333333,0.403421401977539,0.583119812011719,NaN,NaN
30.2666666666667,0.40332275390625,0.583372192382813,NaN,NaN
30.275,0.40340259552002,0.583903732299805,NaN,NaN
30.2833333333333,0.403435198465983,0.58444465637207,NaN,NaN
30.2916666666667,0.403620770772298,0.58515983581543,NaN,NaN
30.3,0.403763300577799,0.585783462524414,NaN,NaN
30.3083333333333,0.404037666320801,0.586022262573242,NaN,NaN
30.3166666666667,0.404222030639648,0.586271667480469,NaN,NaN
30.325,0.404202067057292,0.585771255493164,NaN,NaN
30.3333333333333,0.404135602315267,0.584218978881836,NaN,NaN
30.3416666666667,0.403873570760091,0.582285385131836,NaN,NaN
30.35,0.400790939331055,0.581792678833008,NaN,NaN
30.3583333333333,0.402880554199219,0.579521179199219,NaN,NaN
30.3666666666667,0.400565567016602,0.580617752075195,NaN,NaN
30.375,0.400565567016602,0.580617752075195,NaN,NaN
30.3833333333333,0.4029705174764,0.580592422485352,NaN,NaN
30.3916666666667,0.400007654825846,0.580927352905273,NaN,NaN
30.4,0.402550341288249,0.580502853393555,NaN,NaN
30.4083333333333,0.399412167867025,0.578984451293945,NaN,NaN
30.4166666666667,0.40133726755778,0.577080688476562,NaN,NaN
30.425,0.399076182047526,0.577169189453125,NaN,NaN
30.4333333333333,0.398559341430664,0.576812515258789,NaN,NaN
30.4416666666667,0.398028271993001,0.576383895874023,NaN,NaN
30.45,0.397543512980143,0.576500244140625,NaN,NaN
30.4583333333333,0.39708745320638,0.576739959716797,NaN,NaN
30.4666666666667,0.396758015950521,0.577261276245117,NaN,NaN
30.475,0.396299959818522,0.577789306640625,NaN,NaN
30.4833333333333,0.395955390930176,0.578901748657227,NaN,NaN
30.4916666666667,0.39559622446696,0.579562454223633,NaN,NaN
30.5,0.395466626485189,0.579833908081055,NaN,NaN
30.5083333333333,0.395260403951009,0.579402313232422,NaN,NaN
30.5166666666667,0.395135091145833,0.578644485473633,NaN,NaN
30.525,0.395145734151204,0.577082061767578,NaN,NaN
30.5333333333333,0.395131098429362,0.574878311157227,NaN,NaN
30.5416666666667,0.395299212137858,0.573553314208984,NaN,NaN
30.55,0.39547612508138,0.572961502075195,NaN,NaN
30.5583333333333,0.395495020548503,0.57257568359375,NaN,NaN
30.5666666666667,0.395362777709961,0.572525024414062,NaN,NaN
30.575,0.395072898864746,0.572589111328125,NaN,NaN
30.5833333333333,0.394995880126953,0.572384796142578,NaN,NaN
30.5916666666667,0.395014266967773,0.572009353637695,NaN,NaN
30.6,0.394989331563314,0.571677398681641,NaN,NaN
30.6083333333333,0.394987602233887,0.571315765380859,NaN,NaN
30.6166666666667,0.394816462198893,0.570990905761719,NaN,NaN
30.625,0.394603563944499,0.57069091796875,NaN,NaN
30.6333333333333,0.394483833312988,0.570503158569336,NaN,NaN
30.6416666666667,0.394396095275879,0.570324401855469,NaN,NaN
30.65,0.394313494364421,0.570285339355469,NaN,NaN
30.6583333333333,0.394262962341309,0.570060653686523,NaN,NaN
30.6666666666667,0.394310747782389,0.569586410522461,NaN,NaN
30.675,0.394024213155111,0.568770599365234,NaN,NaN
30.6833333333333,0.393727099100749,0.56784065246582,NaN,NaN
30.6916666666667,0.393585294087728,0.566122360229492,NaN,NaN
30.7,0.393386929829915,0.563820419311523,NaN,NaN
30.7083333333333,0.393547197977702,0.563323669433594,NaN,NaN
30.7166666666667,0.395304234822591,0.564294509887695,NaN,NaN
30.725,0.395867474873861,0.564606246948242,NaN,NaN
30.7333333333333,0.396166737874349,0.564102325439453,NaN,NaN
30.7416666666667,0.395663909912109,0.562834777832031,NaN,NaN
30.75,0.39510129292806,0.561194534301758,NaN,NaN
30.7583333333333,0.394676246643066,0.559966506958008,NaN,NaN
30.7666666666667,0.394308611551921,0.558727951049805,NaN,NaN
30.775,0.393790906270345,0.557619705200195,NaN,NaN
30.7833333333333,0.393270606994629,0.556506042480469,NaN,NaN
30.7916666666667,0.392857882181803,0.555737228393555,NaN,NaN
30.8,0.392411969502767,0.55468864440918,NaN,NaN
30.8083333333333,0.391918169657389,0.55411994934082,NaN,NaN
30.8166666666667,0.391278317769368,0.553185577392578,NaN,NaN
30.825,0.390649019877116,0.552403259277344,NaN,NaN
30.8333333333333,0.38979798634847,0.551767272949219,NaN,NaN
30.8416666666667,0.389307924906413,0.55120361328125,NaN,NaN
30.85,0.389024569193522,0.551548080444336,NaN,NaN
30.8583333333333,0.389100100199382,0.551990585327149,NaN,NaN
30.8666666666667,0.388644650777181,0.552102890014649,NaN,NaN
30.875,0.388427848815918,0.55217155456543,NaN,NaN
30.8833333333333,0.388259569803874,0.552073135375977,NaN,NaN
30.8916666666667,0.388129488627116,0.55185905456543,NaN,NaN
30.9,0.387875658671061,0.551653213500977,NaN,NaN
30.9083333333333,0.38778881072998,0.551490783691406,NaN,NaN
30.9166666666667,0.387563514709473,0.551216125488281,NaN,NaN
30.925,0.387314262390137,0.551101760864258,NaN,NaN
30.9333333333333,0.387267951965332,0.55072021484375,NaN,NaN
30.9416666666667,0.387212282816569,0.550384140014648,NaN,NaN
30.95,0.38711129506429,0.550201950073242,NaN,NaN
30.9583333333333,0.387131563822428,0.549896011352539,NaN,NaN
30.9666666666667,0.386906344095866,0.549731216430664,NaN,NaN
30.975,0.386761233011881,0.549712905883789,NaN,NaN
30.9833333333333,0.386366335550944,0.549384155273438,NaN,NaN
30.9916666666667,0.386009712219238,0.548998336791992,NaN,NaN
31,0.385828870137533,0.548579635620117,NaN,NaN
31.0083333333333,0.385791562398275,0.548219604492187,NaN,NaN
31.0166666666667,0.385400733947754,0.548280029296875,NaN,NaN
31.025,0.385259641011556,0.548284759521484,NaN,NaN
31.0333333333333,0.385170885721842,0.548070983886719,NaN,NaN
31.0416666666667,0.385190823872884,0.547787017822266,NaN,NaN
31.05,0.385041236877441,0.547717895507813,NaN,NaN
31.0583333333333,0.384782905578613,0.547619400024414,NaN,NaN
31.0666666666667,0.384627393086751,0.547478790283203,NaN,NaN
31.075,0.384568621317546,0.547397842407227,NaN,NaN
31.0833333333333,0.380685081481934,0.543823928833008,NaN,NaN
31.0916666666667,0.382412961324056,0.544572219848633,NaN,NaN
31.1,0.380750465393066,0.541197738647461,NaN,NaN
31.1083333333333,0.382503674825033,0.543326797485352,NaN,NaN
31.1166666666667,0.381040484110514,0.540220260620117,NaN,NaN
31.125,0.382758801778158,0.543099365234375,NaN,NaN
31.1333333333333,0.381156959533691,0.540866851806641,NaN,NaN
31.1416666666667,0.382927640279134,0.543104553222656,NaN,NaN
31.15,0.381153500874837,0.540462875366211,NaN,NaN
31.1583333333333,0.383241004943848,0.543693084716797,NaN,NaN
31.1666666666667,0.381199175516764,0.541444473266602,NaN,NaN
31.175,0.383372586568197,0.545540924072266,NaN,NaN
31.1833333333333,0.380980211893717,0.543294906616211,NaN,NaN
31.1916666666667,0.384254239400228,0.548284606933594,NaN,NaN
31.2,0.381901257832845,0.546386566162109,NaN,NaN
31.2083333333333,0.385389925638835,0.551259078979492,NaN,NaN
31.2166666666667,0.382991472880046,0.550474166870117,NaN,NaN
31.225,0.387033220926921,0.554584045410156,NaN,NaN
31.2333333333333,0.384080899556478,0.553640441894531,NaN,NaN
31.2416666666667,0.388525276184082,0.558736801147461,NaN,NaN
31.25,0.386087201436361,0.558458633422852,NaN,NaN
31.2583333333333,0.390830014546712,0.565581588745117,NaN,NaN
31.2666666666667,0.388094393412272,0.564448394775391,NaN,NaN
31.275,0.388094393412272,0.564448394775391,NaN,NaN
31.2833333333333,0.393868446350098,0.570258331298828,NaN,NaN
31.2916666666667,0.391388282775879,0.570808639526367,NaN,NaN
31.3,0.396795845031738,0.579287109375,NaN,NaN
31.3083333333333,0.39471731821696,0.578036346435547,NaN,NaN
31.3166666666667,0.40051633199056,0.583225250244141,NaN,NaN
31.325,0.399287033081055,0.584289169311523,NaN,NaN
31.3333333333333,0.404901885986328,0.590100708007812,NaN,NaN
31.3416666666667,0.403569615681966,0.591214599609375,NaN,NaN
31.35,0.407948926289876,0.594875106811523,NaN,NaN
31.3583333333333,0.407044385274251,0.594591751098633,NaN,NaN
31.3666666666667,0.408150304158529,0.598505706787109,NaN,NaN
31.375,0.408150304158529,0.598505706787109,NaN,NaN
31.3833333333333,0.414390754699707,0.60370002746582,NaN,NaN
31.3916666666667,0.416292215983073,0.607117462158203,NaN,NaN
31.4,0.417731183369954,0.609623184204102,NaN,NaN
31.4083333333333,0.418922805786133,0.61111946105957,NaN,NaN
31.4166666666667,0.419681129455566,0.611610870361328,NaN,NaN
31.425,0.419681129455566,0.611610870361328,NaN,NaN
31.4333333333333,0.420586980183919,0.611476440429688,NaN,NaN
31.4416666666667,0.421448186238607,0.611182556152344,NaN,NaN
31.45,0.42205441792806,0.61113395690918,NaN,NaN
31.4583333333333,0.422509498596191,0.610831604003906,NaN,NaN
31.4666666666667,0.422784639994303,0.610098114013672,NaN,NaN
31.475,0.422712059020996,0.609562759399414,NaN,NaN
31.4833333333333,0.422752965291341,0.609035263061523,NaN,NaN
31.4916666666667,0.422729568481445,0.608520050048828,NaN,NaN
31.5,0.42276980082194,0.608004150390625,NaN,NaN
31.5083333333333,0.422738978068034,0.607485809326172,NaN,NaN
31.5166666666667,0.422738978068034,0.607485809326172,NaN,NaN
31.525,0.422687238057454,0.606886978149414,NaN,NaN
31.5333333333333,0.422708524068197,0.606226577758789,NaN,NaN
31.5416666666667,0.42266855875651,0.605374755859375,NaN,NaN
31.55,0.422653694152832,0.604295120239258,NaN,NaN
31.5583333333333,0.422532539367676,0.603270568847656,NaN,NaN
31.5666666666667,0.422386767069499,0.602490768432617,NaN,NaN
31.575,0.422351137797038,0.601829299926758,NaN,NaN
31.5833333333333,0.422142117818197,0.601305694580078,NaN,NaN
31.5916666666667,0.422064603169759,0.600756301879883,NaN,NaN
31.6,0.42190611521403,0.600354690551758,NaN,NaN
31.6083333333333,0.42193915049235,0.599838638305664,NaN,NaN
31.6166666666667,0.421901499430339,0.599310836791992,NaN,NaN
31.625,0.421872367858887,0.598791809082031,NaN,NaN
31.6333333333333,0.421822814941406,0.598135986328125,NaN,NaN
31.6416666666667,0.421751810709635,0.59767578125,NaN,NaN
31.65,0.421656341552734,0.597258529663086,NaN,NaN
31.6583333333333,0.42152463277181,0.596917190551758,NaN,NaN
31.6666666666667,0.421267217000326,0.596587905883789,NaN,NaN
31.675,0.420784378051758,0.596278533935547,NaN,NaN
31.6833333333333,0.420272738138835,0.596226272583008,NaN,NaN
31.6916666666667,0.419635251363118,0.595998077392578,NaN,NaN
31.7,0.418962415059408,0.595849838256836,NaN,NaN
31.7083333333333,0.418415120442708,0.595756225585937,NaN,NaN
31.7166666666667,0.417870788574219,0.595632934570313,NaN,NaN
31.725,0.417242698669434,0.595697021484375,NaN,NaN
31.7333333333333,0.416783638000488,0.595855178833008,NaN,NaN
31.7416666666667,0.416307843526204,0.595620040893555,NaN,NaN
31.75,0.415961723327637,0.595267639160156,NaN,NaN
31.7583333333333,0.415748621622721,0.595146789550781,NaN,NaN
31.7666666666667,0.415559298197428,0.595295791625977,NaN,NaN
31.775,0.415275332132975,0.594819488525391,NaN,NaN
31.7833333333333,0.415038642883301,0.593762664794922,NaN,NaN
31.7916666666667,0.414708684285482,0.592461318969727,NaN,NaN
31.8,0.414351743062337,0.590538024902344,NaN,NaN
31.8083333333333,0.413824183146159,0.588301696777344,NaN,NaN
31.8166666666667,0.413270136515299,0.586150665283203,NaN,NaN
31.825,0.412541618347168,0.584378356933594,NaN,NaN
31.8333333333333,0.411833165486654,0.582808303833008,NaN,NaN
31.8416666666667,0.410919507344564,0.581076583862305,NaN,NaN
31.85,0.410041580200195,0.57957389831543,NaN,NaN
31.8583333333333,0.410041580200195,0.57957389831543,NaN,NaN
31.8666666666667,0.409291572570801,0.57792839050293,NaN,NaN
31.875,0.408091456095378,0.576462249755859,NaN,NaN
31.8833333333333,0.407104708353678,0.57503776550293,NaN,NaN
31.8916666666667,0.406269353230794,0.573963928222656,NaN,NaN
31.9,0.405385907491048,0.57336669921875,NaN,NaN
31.9083333333333,0.404451026916504,0.572488479614258,NaN,NaN
31.9166666666667,0.403600006103516,0.571695327758789,NaN,NaN
31.925,0.402813491821289,0.571120452880859,NaN,NaN
31.9333333333333,0.402293891906738,0.57094482421875,NaN,NaN
31.9416666666667,0.40200309753418,0.570967483520508,NaN,NaN
31.95,0.401779340108236,0.571050720214844,NaN,NaN
31.9583333333333,0.399724871317546,0.571098403930664,NaN,NaN
31.9666666666667,0.397615865071615,0.572658157348633,NaN,NaN
31.975,0.397106450398763,0.572557373046875,NaN,NaN
31.9833333333333,0.39689702351888,0.571696090698242,NaN,NaN
31.9916666666667,0.39681832631429,0.570716705322266,NaN,NaN
32,0.39693531036377,0.570273056030273,NaN,NaN
32.0083333333333,0.397226575215658,0.56988166809082,NaN,NaN
32.0166666666667,0.397600339253743,0.569549865722656,NaN,NaN
32.025,0.397978197733561,0.569273681640625,NaN,NaN
32.0333333333333,0.398284060160319,0.56926139831543,NaN,NaN
32.0416666666667,0.398612060546875,0.569176788330078,NaN,NaN
32.05,0.398630116780599,0.569181747436523,NaN,NaN
32.0583333333333,0.398907826741536,0.569265213012695,NaN,NaN
32.0666666666667,0.399211463928223,0.569322738647461,NaN,NaN
32.075,0.399435793558757,0.569511184692383,NaN,NaN
32.0833333333333,0.399453557332357,0.569732513427734,NaN,NaN
32.0916666666667,0.39949774424235,0.570229187011719,NaN,NaN
32.1,0.399449183146159,0.570701675415039,NaN,NaN
32.1083333333333,0.403519592285156,0.572280349731445,NaN,NaN
32.1166666666667,0.40145699818929,0.571801605224609,NaN,NaN
32.125,0.403972803751628,0.572585906982422,NaN,NaN
32.1333333333333,0.401521504720052,0.572277908325195,NaN,NaN
32.1416666666667,0.400706990559896,0.571427001953125,NaN,NaN
32.15,0.400493367513021,0.572595596313477,NaN,NaN
32.1583333333333,0.400484924316406,0.574853973388672,NaN,NaN
32.1666666666667,0.400624008178711,0.576692352294922,NaN,NaN
32.175,0.400692749023437,0.577893753051758,NaN,NaN
32.1833333333333,0.400656534830729,0.578941345214844,NaN,NaN
32.1916666666667,0.400826746622721,0.579946899414063,NaN,NaN
32.2,0.401064605712891,0.580763092041016,NaN,NaN
32.2083333333333,0.401064605712891,0.580763092041016,NaN,NaN
32.2166666666667,0.401081988016764,0.581273422241211,NaN,NaN
32.225,0.400910263061523,0.5816650390625,NaN,NaN
32.2333333333333,0.400529225667318,0.582007369995117,NaN,NaN
32.2416666666667,0.399910418192546,0.582326431274414,NaN,NaN
32.25,0.39937552134196,0.582633666992187,NaN,NaN
32.2583333333333,0.39862476348877,0.582985382080078,NaN,NaN
32.2666666666667,0.397266896565755,0.583094253540039,NaN,NaN
32.275,0.396036631266276,0.583612976074219,NaN,NaN
32.2833333333333,0.394356625874837,0.584543304443359,NaN,NaN
32.2916666666667,0.392315228780111,0.58502815246582,NaN,NaN
32.3,0.390085411071777,0.585288009643555,NaN,NaN
32.3083333333333,0.387842343648275,0.58511833190918,NaN,NaN
32.3166666666667,0.385667457580566,0.585951461791992,NaN,NaN
32.325,0.384270947774251,0.585985565185547,NaN,NaN
32.3333333333333,0.382191937764486,0.58641487121582,NaN,NaN
32.3416666666667,0.376801058451335,0.584175338745117,NaN,NaN
32.35,0.373843015034994,0.583047103881836,NaN,NaN
32.3583333333333,0.370710080464681,0.582535858154297,NaN,NaN
32.3666666666667,0.36760306040446,0.58191520690918,NaN,NaN
32.375,0.364591687520345,0.581691589355469,NaN,NaN
32.3833333333333,0.361711972554525,0.581692428588867,NaN,NaN
32.3916666666667,0.358873278299967,0.581772155761719,NaN,NaN
32.4,0.356180610656738,0.582368850708008,NaN,NaN
32.4083333333333,0.353680330912272,0.583390197753906,NaN,NaN
32.4166666666667,0.351200243631999,0.585154190063477,NaN,NaN
32.425,0.348970171610514,0.586982192993164,NaN,NaN
32.4333333333333,0.346863975524902,0.588637542724609,NaN,NaN
32.4416666666667,0.344599494934082,0.590034027099609,NaN,NaN
32.45,0.342355359395345,0.591316070556641,NaN,NaN
32.4583333333333,0.339802691141764,0.592269821166992,NaN,NaN
32.4666666666667,0.336992429097493,0.593226013183594,NaN,NaN
32.475,0.333954073588053,0.594086151123047,NaN,NaN
32.4833333333333,0.330944455464681,0.59538932800293,NaN,NaN
32.4916666666667,0.327866172790527,0.596574020385742,NaN,NaN
32.5,0.324659945170085,0.597978820800781,NaN,NaN
32.5083333333333,0.321446164449056,0.599895172119141,NaN,NaN
32.5166666666667,0.318382784525553,0.601939849853516,NaN,NaN
32.525,0.315471687316895,0.603807754516602,NaN,NaN
32.5333333333333,0.3126837793986,0.604958419799805,NaN,NaN
32.5416666666667,0.309814414978027,0.605034942626953,NaN,NaN
32.55,0.30700990041097,0.604666442871094,NaN,NaN
32.5583333333333,0.304346733093262,0.603948211669922,NaN,NaN
32.5666666666667,0.3016765721639,0.602964859008789,NaN,NaN
32.575,0.298838920593262,0.602140731811523,NaN,NaN
32.5833333333333,0.295825386047363,0.602043380737305,NaN,NaN
32.5916666666667,0.292770551045736,0.602607345581055,NaN,NaN
32.6,0.289926363627116,0.603244400024414,NaN,NaN
32.6083333333333,0.287355842590332,0.604692840576172,NaN,NaN
32.6166666666667,0.285071360270182,0.606821212768555,NaN,NaN
32.625,0.28308837890625,0.609061431884766,NaN,NaN
32.6333333333333,0.280948893229167,0.61068000793457,NaN,NaN
32.6416666666667,0.278772735595703,0.611585235595703,NaN,NaN
32.65,0.276568603515625,0.611968765258789,NaN,NaN
32.6583333333333,0.274368082682292,0.612906036376953,NaN,NaN
32.6666666666667,0.268060201009115,0.612936935424805,NaN,NaN
32.675,0.268173116048177,0.61650993347168,NaN,NaN
32.6833333333333,0.263872578938802,0.615667877197266,NaN,NaN
32.6916666666667,0.263482564290365,0.617731552124023,NaN,NaN
32.7,0.259918111165365,0.615737991333008,NaN,NaN
32.7083333333333,0.260425313313802,0.618973999023438,NaN,NaN
32.7166666666667,0.260476633707682,0.62119026184082,NaN,NaN
32.725,0.26034922281901,0.622419509887695,NaN,NaN
32.7333333333333,0.259988301595052,0.622886123657227,NaN,NaN
32.7416666666667,0.259418233235677,0.62270393371582,NaN,NaN
32.75,0.258753407796224,0.622117385864258,NaN,NaN
32.7583333333333,0.257845001220703,0.621291351318359,NaN,NaN
32.7666666666667,0.257063954671224,0.620833129882812,NaN,NaN
32.775,0.256540934244792,0.62065803527832,NaN,NaN
32.7833333333333,0.256113128662109,0.620620651245117,NaN,NaN
32.7916666666667,0.255669606526693,0.620859985351563,NaN,NaN
32.8,0.255280558268229,0.621110992431641,NaN,NaN
32.8083333333333,0.254639231363932,0.620710601806641,NaN,NaN
32.8166666666667,0.254000701904297,0.620814743041992,NaN,NaN
32.825,0.253480682373047,0.621327590942383,NaN,NaN
32.8333333333333,0.252946472167969,0.62164794921875,NaN,NaN
32.8416666666667,0.252657216389974,0.622026824951172,NaN,NaN
32.85,0.252320556640625,0.622475280761719,NaN,NaN
32.8583333333333,0.252078908284505,0.623429870605469,NaN,NaN
32.8666666666667,0.251710103352865,0.624633712768555,NaN,NaN
32.875,0.251305541992187,0.626177978515625,NaN,NaN
32.8833333333333,0.25066889444987,0.627192153930664,NaN,NaN
32.8916666666667,0.250045013427734,0.628086166381836,NaN,NaN
32.9,0.248767598470052,0.628178253173828,NaN,NaN
32.9083333333333,0.245581766764323,0.628523178100586,NaN,NaN
32.9166666666667,0.243321024576823,0.628976669311524,NaN,NaN
32.925,0.24300043741862,0.630179977416992,NaN,NaN
32.9333333333333,0.245043385823568,0.633747406005859,NaN,NaN
32.9416666666667,0.24609853108724,0.635894012451172,NaN,NaN
32.95,0.246308237711589,0.636783447265625,NaN,NaN
32.9583333333333,0.246257120768229,0.637614288330078,NaN,NaN
32.9666666666667,0.245982208251953,0.638470001220703,NaN,NaN
32.975,0.245753072102865,0.63972297668457,NaN,NaN
32.9833333333333,0.245539042154948,0.640829010009766,NaN,NaN
32.9916666666667,0.245152282714844,0.640974044799805,NaN,NaN
33,0.245152282714844,0.640974044799805,NaN,NaN
33.0083333333333,0.244730885823568,0.640851745605469,NaN,NaN
33.0166666666667,0.243737996419271,0.641015853881836,NaN,NaN
33.025,0.243329264322917,0.64130744934082,NaN,NaN
33.0333333333333,0.243163604736328,0.641862869262695,NaN,NaN
33.0416666666667,0.243070678710938,0.642573928833008,NaN,NaN
33.05,0.242798461914063,0.642910079956055,NaN,NaN
33.0583333333333,0.242406158447266,0.642538146972656,NaN,NaN
33.0666666666667,0.241778564453125,0.641361389160156,NaN,NaN
33.075,0.241670125325521,0.641383514404297,NaN,NaN
33.0833333333333,0.241378580729167,0.640833129882812,NaN,NaN
33.0916666666667,0.241039835611979,0.639726638793945,NaN,NaN
33.1,0.240596059163411,0.638560638427734,NaN,NaN
33.1083333333333,0.240231323242187,0.637800674438477,NaN,NaN
33.1166666666667,0.240034484863281,0.637759857177734,NaN,NaN
33.125,0.239780934651693,0.637579879760742,NaN,NaN
33.1333333333333,0.239748077392578,0.637560043334961,NaN,NaN
33.1416666666667,0.239824981689453,0.637360687255859,NaN,NaN
33.15,0.239862416585286,0.636848297119141,NaN,NaN
33.1583333333333,0.239700113932292,0.635326766967773,NaN,NaN
33.1666666666667,0.239676513671875,0.633832244873047,NaN,NaN
33.175,0.239375610351563,0.631866226196289,NaN,NaN
33.1833333333333,0.239181722005208,0.63050422668457,NaN,NaN
33.1916666666667,0.238809102376302,0.629280319213867,NaN,NaN
33.2,0.238809102376302,0.629280319213867,NaN,NaN
33.2083333333333,0.237900543212891,0.627290420532227,NaN,NaN
33.2166666666667,0.237549794514974,0.626908569335938,NaN,NaN
33.225,0.237549794514974,0.626908569335938,NaN,NaN
33.2333333333333,0.23722661336263,0.626698532104492,NaN,NaN
33.2416666666667,0.237042287190755,0.627110977172852,NaN,NaN
33.25,0.236962331136068,0.627361907958984,NaN,NaN
33.2583333333333,0.236873779296875,0.627541580200195,NaN,NaN
33.2666666666667,0.2366845703125,0.627490921020508,NaN,NaN
33.275,0.236625366210937,0.627662811279297,NaN,NaN
33.2833333333333,0.236663462320964,0.628094863891602,NaN,NaN
33.2916666666667,0.23668690999349,0.628338928222656,NaN,NaN
33.3,0.236729787190755,0.628404693603516,NaN,NaN
33.3083333333333,0.236586405436198,0.628367080688477,NaN,NaN
33.3166666666667,0.236500447591146,0.628721237182617,NaN,NaN
33.325,0.236354726155599,0.628928604125977,NaN,NaN
33.3333333333333,0.23616709391276,0.628850860595703,NaN,NaN
33.3416666666667,0.236117451985677,0.629164505004883,NaN,NaN
33.35,0.236108754475911,0.629185943603516,NaN,NaN
33.3583333333333,0.236339772542318,0.629503326416016,NaN,NaN
33.3666666666667,0.236538543701172,0.629854583740234,NaN,NaN
33.375,0.236795654296875,0.630211029052734,NaN,NaN
33.3833333333333,0.236795654296875,0.630211029052734,NaN,NaN
33.3916666666667,0.236873626708984,0.630069122314453,NaN,NaN
33.4,0.237096862792969,0.630290069580078,NaN,NaN
33.4083333333333,0.23728271484375,0.629949035644531,NaN,NaN
33.4166666666667,0.237427215576172,0.629884643554687,NaN,NaN
33.425,0.237810312906901,0.629971923828125,NaN,NaN
33.4333333333333,0.238220520019531,0.630126800537109,NaN,NaN
33.4416666666667,0.238653920491536,0.630023956298828,NaN,NaN
33.45,0.239075775146484,0.629481582641602,NaN,NaN
33.4583333333333,0.239434661865234,0.628694610595703,NaN,NaN
33.4666666666667,0.239685211181641,0.628146286010742,NaN,NaN
33.475,0.239804484049479,0.627429428100586,NaN,NaN
33.4833333333333,0.239839986165365,0.626289825439453,NaN,NaN
33.4916666666667,0.239956258138021,0.625403671264648,NaN,NaN
33.5,0.240021209716797,0.624716339111328,NaN,NaN
33.5083333333333,0.240230305989583,0.624023361206055,NaN,NaN
33.5166666666667,0.240200449625651,0.622552108764648,NaN,NaN
33.525,0.240191192626953,0.621706390380859,NaN,NaN
33.5333333333333,0.240061391194661,0.620962982177734,NaN,NaN
33.5416666666667,0.237871805826823,0.619482727050781,NaN,NaN
33.55,0.236152954101563,0.617759094238281,NaN,NaN
33.5583333333333,0.235397694905599,0.616571731567383,NaN,NaN
33.5666666666667,0.234862060546875,0.615993881225586,NaN,NaN
33.575,0.234558359781901,0.615204849243164,NaN,NaN
33.5833333333333,0.234358520507812,0.614902801513672,NaN,NaN
33.5916666666667,0.234343516031901,0.615038070678711,NaN,NaN
33.6,0.23424072265625,0.614795532226563,NaN,NaN
33.6083333333333,0.234226430257161,0.614322509765625,NaN,NaN
33.6166666666667,0.234361979166667,0.613859558105469,NaN,NaN
33.625,0.234470723470052,0.613696975708008,NaN,NaN
33.6333333333333,0.234589131673177,0.613460998535156,NaN,NaN
33.6416666666667,0.234661814371745,0.613192367553711,NaN,NaN
33.65,0.234647420247396,0.612599868774414,NaN,NaN
33.6583333333333,0.234696044921875,0.612028961181641,NaN,NaN
33.6666666666667,0.234731292724609,0.611419982910156,NaN,NaN
33.675,0.234764404296875,0.611232223510742,NaN,NaN
33.6833333333333,0.238009745279948,0.611926803588867,NaN,NaN
33.6916666666667,0.236738688151042,0.609381408691406,NaN,NaN
33.7,0.238302866617839,0.610103988647461,NaN,NaN
33.7083333333333,0.236224924723307,0.608292694091797,NaN,NaN
33.7166666666667,0.235758514404297,0.607315673828125,NaN,NaN
33.725,0.235586446126302,0.606707611083984,NaN,NaN
33.7333333333333,0.235658874511719,0.606143493652344,NaN,NaN
33.7416666666667,0.23585942586263,0.605925598144531,NaN,NaN
33.75,0.236240895589193,0.60609619140625,NaN,NaN
33.7583333333333,0.236619771321615,0.606481399536133,NaN,NaN
33.7666666666667,0.237200520833333,0.607014694213867,NaN,NaN
33.775,0.23778564453125,0.607514953613281,NaN,NaN
33.7833333333333,0.238389333089193,0.608161315917969,NaN,NaN
33.7916666666667,0.239283701578776,0.609554748535156,NaN,NaN
33.8,0.240393727620443,0.611393966674805,NaN,NaN
33.8083333333333,0.241663513183594,0.612938842773437,NaN,NaN
33.8166666666667,0.243057403564453,0.614414367675781,NaN,NaN
33.825,0.244684549967448,0.615896377563476,NaN,NaN
33.8333333333333,0.246392211914063,0.616629638671875,NaN,NaN
33.8416666666667,0.24809071858724,0.617203750610352,NaN,NaN
33.85,0.249741566975911,0.618007202148438,NaN,NaN
33.8583333333333,0.251356353759766,0.619134216308594,NaN,NaN
33.8666666666667,0.253023529052734,0.62018310546875,NaN,NaN
33.875,0.254501190185547,0.620776214599609,NaN,NaN
33.8833333333333,0.255992380777995,0.621560363769531,NaN,NaN
33.8916666666667,0.257538350423177,0.62246711730957,NaN,NaN
33.9,0.258888956705729,0.62380615234375,NaN,NaN
33.9083333333333,0.260201873779297,0.625310592651367,NaN,NaN
33.9166666666667,0.262828521728516,0.627156372070312,NaN,NaN
33.925,0.266382141113281,0.62838508605957,NaN,NaN
33.9333333333333,0.269146830240885,0.628425979614258,NaN,NaN
33.9416666666667,0.271224670410156,0.627924652099609,NaN,NaN
33.95,0.272750854492188,0.627412948608398,NaN,NaN
33.9583333333333,0.273980407714844,0.627011871337891,NaN,NaN
33.9666666666667,0.275048624674479,0.6269189453125,NaN,NaN
33.975,0.276139170328776,0.626794204711914,NaN,NaN
33.9833333333333,0.277158915201823,0.626319274902344,NaN,NaN
33.9916666666667,0.277158915201823,0.626319274902344,NaN,NaN
34,0.278103688557943,0.625823059082031,NaN,NaN
34.0083333333333,0.27893559773763,0.62536003112793,NaN,NaN
34.0166666666667,0.279537048339844,0.624441070556641,NaN,NaN
34.025,0.280150400797526,0.623786773681641,NaN,NaN
34.0333333333333,0.280738779703776,0.62322151184082,NaN,NaN
34.0416666666667,0.281244150797526,0.623154296875,NaN,NaN
34.05,0.281364339192708,0.623111190795898,NaN,NaN
34.0583333333333,0.28126719156901,0.622480850219727,NaN,NaN
34.0666666666667,0.281148376464844,0.621421203613281,NaN,NaN
34.075,0.280935567220052,0.620068359375,NaN,NaN
34.0833333333333,0.28061030069987,0.619042129516602,NaN,NaN
34.0916666666667,0.280424296061198,0.618451614379883,0.197169698774815,0.731962561607361
34.1,0.280342559814453,0.61856819152832,0.210896730422974,0.707980781793594
34.1083333333333,0.279959767659505,0.618612289428711,0.190959244966507,0.730117082595825
34.1166666666667,0.279317474365234,0.617702941894531,0.184924483299255,0.747110098600388
34.125,0.278580118815104,0.616238174438477,0.185054264962673,0.739847362041473
34.1333333333333,0.277770538330078,0.614864349365234,0.178246669471264,0.741995364427567
34.1416666666667,0.275503896077474,0.615095520019531,0.219909757375717,0.721803456544876
34.15,0.274251352945964,0.616361846923828,0.288985162973404,0.687915116548538
34.1583333333333,0.273328653971354,0.617214813232422,0.348782747983932,0.647240906953812
34.1666666666667,0.272517852783203,0.617436752319336,0.398838937282562,0.619583636522293
34.175,0.271618398030599,0.616942291259766,0.384646594524384,0.629308432340622
34.1833333333333,0.270623168945312,0.616219635009766,0.356931552290916,0.646645098924637
34.1916666666667,0.269682261149089,0.616004180908203,0.332153961062431,0.635969579219818
34.2,0.268742523193359,0.616075134277344,0.349970355629921,0.636113911867142
34.2083333333333,0.267778523763021,0.616270217895508,0.312177047133446,0.676208853721619
34.2166666666667,0.267115580240885,0.617111053466797,0.30343347042799,0.652042210102081
34.225,0.266615142822266,0.61802116394043,0.380649134516716,0.655193001031876
34.2333333333333,0.266234792073568,0.618098602294922,NaN,NaN
34.2416666666667,0.265764465332031,0.617469863891602,0.297745175659657,0.670980185270309
34.25,0.265508931477865,0.616605834960938,0.307836212217808,0.683924674987793
34.2583333333333,0.265329030354818,0.615893249511719,0.29834920912981,0.664145618677139
34.2666666666667,0.265603688557943,0.616274795532227,0.314866825938225,0.631869822740555
34.275,0.265603688557943,0.616274795532227,0.348794981837273,0.633030384778976
34.2833333333333,0.266147969563802,0.616941070556641,0.364798873662949,0.622092425823212
34.2916666666667,0.266969451904297,0.617830276489258,0.367509081959724,0.629023313522339
34.3,0.268068593343099,0.618652877807617,0.356527134776115,0.647637546062469
34.3083333333333,0.269213053385417,0.61879150390625,0.301676586270332,0.670643985271454
34.3166666666667,0.270304870605469,0.618885116577149,0.263980731368065,0.712279886007309
34.325,0.271627705891927,0.619694366455078,0.224990658462048,0.75213611125946
34.3333333333333,0.273208618164062,0.62110107421875,0.209181323647499,0.761106967926025
34.3416666666667,0.274910736083984,0.622664413452148,0.221148394048214,0.763780385255814
34.35,0.276687316894531,0.623606872558594,0.300016812980175,0.683106303215027
34.3583333333333,0.278151092529297,0.624010848999023,NaN,NaN
34.3666666666667,0.279717458089193,0.623999862670898,NaN,NaN
34.375,0.281070709228516,0.623865203857422,NaN,NaN
34.3833333333333,0.282453969319661,0.623574981689453,NaN,NaN
34.3916666666667,0.283755340576172,0.623455963134766,NaN,NaN
34.4,0.285069732666016,0.62367431640625,NaN,NaN
34.4083333333333,0.286505584716797,0.62458251953125,NaN,NaN
34.4166666666667,0.288022778828939,0.625971145629883,NaN,NaN
34.425,0.289129600524902,0.626561508178711,NaN,NaN
34.4333333333333,0.289918174743652,0.626280288696289,NaN,NaN
34.4416666666667,0.290534833272298,0.625645294189453,NaN,NaN
34.45,0.291046918233236,0.625312423706055,NaN,NaN
34.4583333333333,0.291826616923014,0.625992126464844,NaN,NaN
34.4666666666667,0.2921222559611,0.626721267700195,NaN,NaN
34.475,0.292095731099447,0.627369155883789,NaN,NaN
34.4833333333333,0.292027575174967,0.627660140991211,NaN,NaN
34.4916666666667,0.289286028544108,0.6253125,NaN,NaN
34.5,0.28625966389974,0.624207992553711,0.272103980183601,0.721581369638443
34.5083333333333,0.284200795491536,0.623414916992187,NaN,NaN
34.5166666666667,0.284172566731771,0.625333938598633,0.25220213085413,0.677779972553253
34.525,0.285986531575521,0.629371032714844,0.140758641064167,0.630827337503433
34.5333333333333,0.28667537689209,0.631900024414062,0.266331247985363,0.610113650560379
34.5416666666667,0.28651860555013,0.633502731323242,0.271153025329113,0.610065221786499
34.55,0.285868682861328,0.634253997802734,0.279460310935974,0.623293101787567
34.5583333333333,0.284844258626302,0.634355087280273,0.267000809311867,0.617646515369415
34.5666666666667,0.283704172770182,0.634310607910156,0.267514944076538,0.611082941293716
34.575,0.282365061442057,0.634278106689453,0.277434155344963,0.619106560945511
34.5833333333333,0.28106694539388,0.634548797607422,0.268346227705479,0.63376784324646
34.5916666666667,0.27876963297526,0.635491485595703,0.257401578128338,0.626193970441818
34.6,0.276850840250651,0.636498489379883,0.221906438469887,0.624705523252487
34.6083333333333,0.275239512125651,0.637544174194336,0.170270673930645,0.674925595521927
34.6166666666667,0.274186299641927,0.638886413574219,NaN,NaN
34.625,0.274186299641927,0.638886413574219,NaN,NaN
34.6333333333333,0.273388468424479,0.640170288085937,NaN,NaN
34.6416666666667,0.272725219726562,0.641368637084961,NaN,NaN
34.65,0.272302856445312,0.642779159545898,NaN,NaN
34.6583333333333,0.271907602945964,0.644331817626953,NaN,NaN
34.6666666666667,0.271446787516276,0.645874252319336,NaN,NaN
34.675,0.270747426350911,0.647360076904297,NaN,NaN
34.6833333333333,0.270203450520833,0.648416290283203,NaN,NaN
34.6916666666667,0.269902852376302,0.649507446289062,NaN,NaN
34.7,0.269441528320313,0.650341339111328,NaN,NaN
34.7083333333333,0.268894704182943,0.651367492675781,NaN,NaN
34.7166666666667,0.26816899617513,0.653233413696289,NaN,NaN
34.725,0.267978210449219,0.654648208618164,NaN,NaN
34.7333333333333,0.267845052083333,0.656060180664062,NaN,NaN
34.7416666666667,0.267757975260417,0.65750358581543,NaN,NaN
34.75,0.267741139729818,0.65885368347168,NaN,NaN
34.7583333333333,0.267729237874349,0.659986267089844,NaN,NaN
34.7666666666667,0.267717030843099,0.660903396606445,NaN,NaN
34.775,0.267717030843099,0.660903396606445,NaN,NaN
34.7833333333333,0.267713165283203,0.662010650634766,NaN,NaN
34.7916666666667,0.267523040771484,0.662059783935547,NaN,NaN
34.8,0.26762685139974,0.662383880615234,NaN,NaN
34.8083333333333,0.267711283365885,0.662413711547852,NaN,NaN
34.8166666666667,0.26770985921224,0.662195281982422,NaN,NaN
34.825,0.26770985921224,0.662195281982422,NaN,NaN
34.8333333333333,0.267699025472005,0.661834869384766,NaN,NaN
34.8416666666667,0.26743662516276,0.660975341796875,NaN,NaN
34.85,0.267012786865234,0.660695343017578,NaN,NaN
34.8583333333333,0.267012786865234,0.660695343017578,NaN,NaN
34.8666666666667,0.266623077392578,0.660995407104492,NaN,NaN
34.875,0.265929056803385,0.661295852661133,NaN,NaN
34.8833333333333,0.265376536051432,0.661968688964844,NaN,NaN
34.8916666666667,0.264817504882813,0.66289306640625,NaN,NaN
34.9,0.264026234944661,0.663796920776367,NaN,NaN
34.9083333333333,0.262575124104818,0.664145660400391,NaN,NaN
34.9166666666667,0.261273396809896,0.665036392211914,NaN,NaN
34.925,0.259872894287109,0.665795059204102,NaN,NaN
34.9333333333333,0.258506724039714,0.666377487182617,NaN,NaN
34.9416666666667,0.256999867757161,0.666704711914063,NaN,NaN
34.95,0.255311279296875,0.666640930175781,NaN,NaN
34.9583333333333,0.253660329182943,0.666799621582031,NaN,NaN
34.9666666666667,0.252003479003906,0.666899261474609,NaN,NaN
34.975,0.250066884358724,0.666810913085937,NaN,NaN
34.9833333333333,0.248077087402344,0.667106475830078,NaN,NaN
34.9916666666667,0.246357727050781,0.667720108032227,NaN,NaN
35,0.244586690266927,0.668797149658203,NaN,NaN
35.0083333333333,0.243177744547526,0.670387344360352,NaN,NaN
35.0166666666667,0.241593983968099,0.672021636962891,NaN,NaN
35.025,0.240047607421875,0.673762588500977,NaN,NaN
35.0333333333333,0.238382822672526,0.675401458740234,NaN,NaN
35.0416666666667,0.236842549641927,0.676822052001953,NaN,NaN
35.05,0.234821116129557,0.677731170654297,NaN,NaN
35.0583333333333,0.232987263997396,0.67869499206543,NaN,NaN
35.0666666666667,0.231230010986328,0.679450378417969,0.160266362130642,0.742393136024475
35.075,0.229745737711589,0.680613327026367,0.159847006201744,0.755272179841995
35.0833333333333,0.228174082438151,0.681512145996094,0.153671532869339,0.744320780038834
35.0916666666667,0.226852620442708,0.68252067565918,0.160488545894623,0.736519545316696
35.1,0.225614217122396,0.683402938842773,0.159348674118519,0.73038637638092
35.1083333333333,0.22440190633138,0.684074935913086,0.153018601238728,0.740676760673523
35.1166666666667,0.222689208984375,0.684213409423828,0.150107741355896,0.739078551530838
35.125,0.219275716145833,0.682086334228516,0.162735775113106,0.731074154376984
35.1333333333333,0.216831512451172,0.681499786376953,0.159414492547512,0.727704703807831
35.1416666666667,0.215411275227865,0.682391586303711,0.169555619359016,0.717451244592667
35.15,0.214069417317708,0.683499221801758,0.170660525560379,0.741227984428406
35.1583333333333,0.213363393147786,0.685316162109375,0.155855223536491,0.743653059005737
35.1666666666667,0.212656758626302,0.686749267578125,0.168205201625824,0.742029577493668
35.175,0.212361195882161,0.688518524169922,0.157931841909885,0.7483951151371
35.1833333333333,0.211825663248698,0.689888610839844,0.145602680742741,0.742250561714172
35.1916666666667,0.211592102050781,0.691477737426758,0.157655403017998,0.74401268362999
35.2,0.211274007161458,0.692671127319336,0.158761158585548,0.74795725941658
35.2083333333333,0.210828145345052,0.693754196166992,0.151211202144623,0.749096363782883
35.2166666666667,0.209964243570964,0.694477310180664,0.159742742776871,0.743482321500778
35.225,0.209448852539062,0.695339431762695,0.159001618623734,0.737305790185928
35.2333333333333,0.208932037353516,0.696194381713867,0.150307960808277,0.751988112926483
35.2416666666667,0.208368682861328,0.696992721557617,0.164225295186043,0.728002607822418
35.25,0.207845306396484,0.69783561706543,0.200327254831791,0.647546917200089
35.2583333333333,0.207384033203125,0.698872985839844,0.236311577260494,0.601677000522614
35.2666666666667,0.206887817382813,0.699785003662109,0.254811510443687,0.583895027637482
35.275,0.206325174967448,0.700771865844727,0.251682914793491,0.582526504993439
35.2833333333333,0.205592854817708,0.701414108276367,0.254336208105087,0.593052417039871
35.2916666666667,0.204864145914714,0.702024841308594,0.247988976538181,0.5871941447258
35.3,0.203943532307943,0.702437515258789,0.250809893012047,0.589510560035706
35.3083333333333,0.203064982096354,0.702736740112305,0.250831454992294,0.595699965953827
35.3166666666667,0.202015075683594,0.702943725585937,0.248610697686672,0.577096849679947
35.325,0.200914560953776,0.703168106079102,0.245400734245777,0.582235038280487
35.3333333333333,0.200914560953776,0.703168106079102,0.240749724209309,0.600680410861969
35.3416666666667,0.19991709391276,0.703509674072266,0.263652391731739,0.592870533466339
35.35,0.198798573811849,0.703782348632813,0.248630739748478,0.605072289705276
35.3583333333333,0.196705780029297,0.704950942993164,NaN,NaN
35.3666666666667,0.195725962320964,0.705429458618164,0.252500876784325,0.590048372745514
35.375,0.194818572998047,0.705908660888672,0.275781638920307,0.600865244865417
35.3833333333333,0.194818572998047,0.705908660888672,NaN,NaN
35.3916666666667,0.193709411621094,0.706481323242187,NaN,NaN
35.4,0.192621917724609,0.707109756469727,NaN,NaN
35.4083333333333,0.191148427327474,0.707409744262695,NaN,NaN
35.4166666666667,0.189643147786458,0.708107223510742,NaN,NaN
35.425,0.188202006022135,0.708981018066406,NaN,NaN
35.4333333333333,0.186915588378906,0.709848175048828,NaN,NaN
35.4416666666667,0.185771179199219,0.710970840454102,NaN,NaN
35.45,0.184594065348307,0.71214973449707,NaN,NaN
35.4583333333333,0.183295694986979,0.713108520507812,NaN,NaN
35.4666666666667,0.182031656901042,0.71393310546875,NaN,NaN
35.475,0.18087895711263,0.714655685424805,NaN,NaN
35.4833333333333,0.179699350992839,0.715119705200195,NaN,NaN
35.4916666666667,0.178434651692708,0.715453414916992,NaN,NaN
35.5,0.177274220784505,0.715830078125,NaN,NaN
35.5083333333333,0.177631378173828,0.717497863769531,NaN,NaN
35.5166666666667,0.177795918782552,0.71936637878418,NaN,NaN
35.525,0.177439626057943,0.719795379638672,NaN,NaN
35.5333333333333,0.176849772135417,0.719902801513672,NaN,NaN
35.5416666666667,0.176021474202474,0.719630355834961,NaN,NaN
35.55,0.17514394124349,0.718878402709961,NaN,NaN
35.5583333333333,0.174301300048828,0.718123779296875,NaN,NaN
35.5666666666667,0.172991841634115,0.717384185791016,NaN,NaN
35.575,0.171827697753906,0.716777572631836,NaN,NaN
35.5833333333333,0.170665537516276,0.716201171875,NaN,NaN
35.5916666666667,0.169506022135417,0.715967788696289,NaN,NaN
35.6,0.168432312011719,0.715980606079102,NaN,NaN
35.6083333333333,0.167429453531901,0.71611686706543,NaN,NaN
35.6166666666667,0.166354827880859,0.715923080444336,NaN,NaN
35.625,0.165599721272786,0.716028900146484,NaN,NaN
35.6333333333333,0.164952850341797,0.716018905639648,NaN,NaN
35.6416666666667,0.164413808186849,0.715949935913086,0.204199887812138,0.757434785366058
35.65,0.163731486002604,0.715770263671875,0.223352037370205,0.755323737859726
35.6583333333333,0.163099670410156,0.715567855834961,0.203685894608498,0.744301617145538
35.6666666666667,0.162441762288411,0.715280532836914,0.194009386003017,0.771019577980042
35.675,0.162226003011068,0.715162963867187,0.224033288657665,0.731475114822388
35.6833333333333,0.162226003011068,0.715162963867187,0.167363718152046,0.736392915248871
35.6916666666667,0.162045237223307,0.715176773071289,0.182427175343037,0.744764029979706
35.7,0.161807759602865,0.714957656860352,0.173095703125,0.75336766242981
35.7083333333333,0.161456197102865,0.714570541381836,0.161063961684704,0.745380520820618
35.7166666666667,0.161140492757161,0.714446792602539,0.165097013115883,0.743038833141327
35.725,0.160855000813802,0.714370269775391,0.167314037680626,0.737357556819916
35.7333333333333,0.160645090738932,0.714356384277344,0.17071507871151,0.737389802932739
35.7416666666667,0.160501708984375,0.7143701171875,0.175441354513168,0.739477664232254
35.75,0.160323232014974,0.714211120605469,0.169118218123913,0.756472408771515
35.7583333333333,0.16013905843099,0.713927536010742,0.185740850865841,0.753172665834427
35.7666666666667,0.160185852050781,0.713595581054687,0.166176691651344,0.773038595914841
35.775,0.160233001708984,0.713197784423828,0.179882265627384,0.751035511493683
35.7833333333333,0.15989262898763,0.712643127441406,0.173046194016933,0.74902069568634
35.7916666666667,0.159324035644531,0.712051849365234,0.163152925670147,0.757783979177475
35.8,0.158839365641276,0.711538314819336,0.161236241459846,0.738439530134201
35.8083333333333,0.158188273111979,0.711103973388672,0.172361142933369,0.748727887868881
35.8166666666667,0.157682139078776,0.710835952758789,0.178094908595085,0.757357060909271
35.825,0.157186330159505,0.710833053588867,0.18618243932724,0.741311967372894
35.8333333333333,0.15676747639974,0.711086807250977,0.188777044415474,0.741000115871429
35.8416666666667,0.156514434814453,0.71142204284668,0.191140249371529,0.754106283187866
35.85,0.156277974446615,0.711557235717774,0.154745735228062,0.749004274606705
35.8583333333333,0.15606928507487,0.711349563598633,0.179149135947227,0.741386204957962
35.8666666666667,0.155871327718099,0.711012954711914,0.173842057585716,0.74748232960701
35.875,0.155621287027995,0.710581741333008,0.182685419917107,0.751956582069397
35.8833333333333,0.155461273193359,0.710466461181641,0.175954483449459,0.756321638822556
35.8916666666667,0.155283406575521,0.710224685668945,0.171512112021446,0.73313844203949
35.9,0.155009206136068,0.710185394287109,0.188050724565983,0.740690320730209
35.9083333333333,0.154675496419271,0.71019660949707,0.193362221121788,0.72083592414856
35.9166666666667,0.154356282552083,0.710298080444336,0.213643655180931,0.691616237163544
35.925,0.154077504475911,0.710550155639649,0.227957300841808,0.670341193675995
35.9333333333333,0.153679453531901,0.711170883178711,0.241890586912632,0.658019006252289
35.9416666666667,0.153291625976562,0.712255172729492,0.226672053337097,0.642986088991165
35.95,0.153232625325521,0.713641738891602,0.221246741712093,0.650486558675766
35.9583333333333,0.153232625325521,0.713641738891602,0.233718745410442,0.651843696832657
35.9666666666667,0.153434753417969,0.715245513916016,0.227096408605576,0.663518130779266
35.975,0.153569183349609,0.716714935302734,0.226611718535423,0.666324138641357
35.9833333333333,0.153519185384115,0.717964477539063,0.234855771064758,0.672299087047577
35.9916666666667,0.153666534423828,0.719100723266602,0.229634813964367,0.662680774927139
36,0.153713124593099,0.720082702636719,0.228168644011021,0.656160950660706
36.0083333333333,0.153845011393229,0.721195907592773,0.225542441010475,0.671960473060608
36.0166666666667,0.153852742513021,0.722351989746094,0.228481650352478,0.6706722676754
36.025,0.153756256103516,0.723521347045898,0.21980144828558,0.665963143110275
36.0333333333333,0.153593190511068,0.724591827392578,0.224980607628822,0.67085674405098
36.0416666666667,0.153589731852214,0.725801162719726,0.227036654949188,0.674762517213821
36.05,0.153705546061198,0.727276840209961,0.224710188806057,0.678130090236664
36.0583333333333,0.153836059570312,0.72871467590332,0.223356083035469,0.681466668844223
36.0666666666667,0.153890024820964,0.730038986206055,0.228455536067486,0.668480396270752
36.075,0.152920888264974,0.730614624023437,0.227720454335213,0.663932591676712
36.0833333333333,0.152166290283203,0.7314892578125,0.230376504361629,0.675908237695694
36.0916666666667,0.151674194335937,0.732914505004883,0.222119577229023,0.67231160402298
36.1,0.152779286702474,0.736352996826172,0.231278613209724,0.664257347583771
36.1083333333333,0.154353281656901,0.739294967651367,0.229555033147335,0.673129111528397
36.1166666666667,0.155015055338542,0.740395736694336,0.220793902873993,0.671757847070694
36.125,0.155649007161458,0.741257705688477,0.221509784460068,0.670276194810867
36.1333333333333,0.156165517171224,0.741828842163086,0.227433167397976,0.671101212501526
36.1416666666667,0.156316986083984,0.74220344543457,0.219559036195278,0.674120664596558
36.15,0.156428833007813,0.742468643188477,0.23112890869379,0.675433129072189
36.1583333333333,0.156370340983073,0.742510528564453,0.219025284051895,0.672951489686966
36.1666666666667,0.156341145833333,0.742435836791992,0.221187211573124,0.667646050453186
36.175,0.156244659423828,0.742372436523437,0.230742365121841,0.678839027881622
36.1833333333333,0.156165211995443,0.742289505004883,0.217702709138393,0.673933267593384
36.1916666666667,0.156295827229818,0.742255706787109,0.224923647940159,0.673483699560165
36.2,0.156436309814453,0.741879196166992,0.227899514138699,0.683885961771011
36.2083333333333,0.156512349446615,0.741240081787109,0.237223736941814,0.669442653656006
36.2166666666667,0.156748352050781,0.740757904052734,0.205550000071526,0.702087908983231
36.225,0.156966145833333,0.740189056396484,0.181682176887989,0.733731627464294
36.2333333333333,0.157251434326172,0.739488525390625,0.171767234802246,0.743792057037354
36.2416666666667,0.157251434326172,0.739488525390625,0.171120896935463,0.735882580280304
36.25,0.15740229288737,0.738895645141602,0.172298118472099,0.727999985218048
36.2583333333333,0.157535654703776,0.738208694458008,0.183885395526886,0.740687161684036
36.2666666666667,0.157908630371094,0.737943267822266,0.182359248399734,0.741504460573196
36.275,0.158202412923177,0.737299957275391,0.176862120628357,0.727279514074326
36.2833333333333,0.158372802734375,0.736737594604492,0.181529730558395,0.729908138513565
36.2916666666667,0.158498789469401,0.73619010925293,0.174492031335831,0.727020978927612
36.3,0.158460489908854,0.735739135742188,0.18078176677227,0.742364525794983
36.3083333333333,0.15857421875,0.735438995361328,0.172074019908905,0.728340089321136
36.3166666666667,0.158642018636068,0.735236129760742,0.171389758586884,0.734820514917374
36.325,0.15864252726237,0.734927291870117,0.182529307901859,0.745643734931946
36.3333333333333,0.158718058268229,0.734802856445312,0.179964035749435,0.739181369543076
36.3416666666667,0.158780059814453,0.734704895019531,0.181381739675999,0.739091694355011
36.35,0.15873041788737,0.734622497558594,0.181522384285927,0.737586855888367
36.3583333333333,0.158740234375,0.734504470825195,0.179339922964573,0.73730343580246
36.3666666666667,0.15885004679362,0.734360656738281,0.182564675807953,0.742707699537277
36.375,0.158865661621094,0.734155578613281,0.181517980992794,0.728477597236633
36.3833333333333,0.158967641194661,0.734153671264648,0.168242573738098,0.744597226381302
36.3916666666667,0.158767852783203,0.734088592529297,0.181346021592617,0.726558029651642
36.4,0.158670450846354,0.734283447265625,0.173452146351337,0.735867887735367
36.4083333333333,0.158622233072917,0.734437484741211,0.174078851938248,0.739133656024933
36.4166666666667,0.158423614501953,0.734711151123047,0.180775709450245,0.739080369472504
36.425,0.158289896647135,0.735033111572266,0.180450819432735,0.737989038228989
36.4333333333333,0.158185424804688,0.735444259643555,0.180023208260536,0.741428315639496
36.4416666666667,0.158029429117839,0.735815353393555,0.180172204971313,0.733733981847763
36.45,0.158000132242839,0.736383666992187,0.176933780312538,0.737802475690842
36.4583333333333,0.158015492757161,0.737004089355469,0.184177130460739,0.739990592002869
36.4666666666667,0.157965087890625,0.737762222290039,0.174811474978924,0.746332883834839
36.475,0.158094024658203,0.738756942749023,0.181416191160679,0.746798455715179
36.4833333333333,0.158218841552734,0.739836807250977,0.173381552100182,0.731198966503143
36.4916666666667,0.158450775146484,0.741193618774414,0.175237871706486,0.743242591619492
36.5,0.158751729329427,0.74250617980957,0.187872409820557,0.784059524536133
36.5083333333333,0.159187876383464,0.743916244506836,0.203762918710709,0.824984341859818
36.5166666666667,0.159664815266927,0.745435333251953,0.199639670550823,0.814742296934128
36.525,0.159998372395833,0.746638336181641,0.206473372876644,0.836789280176163
36.5333333333333,0.160161794026693,0.747618560791016,0.201477281749249,0.82950684428215
36.5416666666667,0.160381011962891,0.748627853393555,0.206888720393181,0.81817626953125
36.55,0.160381011962891,0.748627853393555,0.200086079537868,0.819163292646408
36.5583333333333,0.161286824544271,0.751651916503906,0.188837170600891,0.821671336889267
36.5666666666667,0.161286824544271,0.751651916503906,0.20035644620657,0.825440675020218
36.575,0.161968536376953,0.753380737304687,0.197485558688641,0.819889515638351
36.5833333333333,0.162674051920573,0.755408096313477,0.199263028800488,0.836739748716354
36.5916666666667,0.163506113688151,0.7575146484375,0.194156959652901,0.822326421737671
36.6,0.164375305175781,0.759685821533203,0.206706091761589,0.834123969078064
36.6083333333333,0.165757293701172,0.762629165649414,0.19637656211853,0.829981833696365
36.6166666666667,0.167171579996745,0.765653076171875,0.204597808420658,0.82390084862709
36.625,0.168381042480469,0.768456192016602,0.188093207776546,0.823246538639069
36.6333333333333,0.169447072347005,0.770948867797852,0.191795855760574,0.825035691261292
36.6416666666667,0.17042470296224,0.773215713500977,0.192082352936268,0.821230888366699
36.65,0.171119740804036,0.775422134399414,0.183896884322166,0.828345477581024
36.6583333333333,0.171746571858724,0.777425918579102,0.200776547193527,0.836964637041092
36.6666666666667,0.172319081624349,0.779356079101563,0.197947137057781,0.828617781400681
36.675,0.172931518554688,0.78138313293457,0.186482235789299,0.819005310535431
36.6833333333333,0.173742980957031,0.783457260131836,0.191065087914467,0.823725938796997
36.6916666666667,0.17463144938151,0.785450820922852,0.190330475568771,0.82544282078743
36.7,0.175157826741536,0.78712646484375,0.191215179860592,0.83769166469574
36.7083333333333,0.174245045979818,0.787040176391602,0.189949341118336,0.835763305425644
36.7166666666667,0.173973490397135,0.787905426025391,0.189077816903591,0.82951956987381
36.725,0.174285532633464,0.789734878540039,0.207046300172806,0.832362174987793
36.7333333333333,0.175091400146484,0.791957473754883,0.18419836461544,0.821370780467987
36.7416666666667,0.176111246744792,0.794284362792969,0.187547110021114,0.827445328235626
36.75,0.177091522216797,0.796214065551758,0.188968196511269,0.837534487247467
36.7583333333333,0.1780859375,0.798321990966797,0.19597964733839,0.826299875974655
36.7666666666667,0.179064737955729,0.800380325317383,0.195373862981796,0.839296638965607
36.775,0.18004872639974,0.802333145141602,0.183317929506302,0.8421910405159
36.7833333333333,0.180845286051432,0.803874740600586,0.190038084983826,0.84266209602356
36.7916666666667,0.181862182617188,0.805316467285156,0.185240790247917,0.837265938520432
36.8,0.183143717447917,0.806696624755859,0.198379464447498,0.840902209281921
36.8083333333333,0.184392801920573,0.807852783203125,0.194701671600342,0.832347452640533
36.8166666666667,0.185361989339193,0.809209442138672,0.185806803405285,0.840736001729965
36.825,0.186219889322917,0.810685501098633,0.183845035731792,0.793100565671921
36.8333333333333,0.186901092529297,0.812032699584961,0.187299318611622,0.76449191570282
36.8416666666667,0.187525177001953,0.813376922607422,0.181046679615974,0.738896369934082
36.85,0.18813222249349,0.81441535949707,0.196717336773872,0.723150819540024
36.8583333333333,0.188644816080729,0.81529899597168,0.189385838806629,0.715502440929413
36.8666666666667,0.18920903523763,0.816207733154297,0.196686178445816,0.726159483194351
36.875,0.189502105712891,0.816858825683594,0.185097761452198,0.732398837804794
36.8833333333333,0.189934641520182,0.817590560913086,0.186646737158298,0.725566059350967
36.8916666666667,0.190289916992188,0.818183441162109,0.190742775797844,0.728582054376602
36.9,0.19075678507487,0.81885124206543,0.186881586909294,0.725345700979233
36.9083333333333,0.191078186035156,0.819321136474609,0.187449246644974,0.738713175058365
36.9166666666667,0.191380818684896,0.819638366699219,0.186039850115776,0.737217754125595
36.925,0.191746419270833,0.820182266235352,0.175979062914848,0.735775768756866
36.9333333333333,0.19204106648763,0.820599060058594,0.193573713302612,0.731674551963806
36.9416666666667,0.192510325113932,0.821281127929687,0.182111285626888,0.723513424396515
36.95,0.19288579305013,0.821734390258789,0.18475516885519,0.737498909235001
36.9583333333333,0.193138987223307,0.82208740234375,0.189403526484966,0.734781712293625
36.9666666666667,0.193470306396484,0.822458038330078,0.193106561899185,0.730843096971512
36.975,0.193904673258464,0.822827224731445,0.182595521211624,0.745776414871216
36.9833333333333,0.194491068522135,0.8233154296875,0.183031834661961,0.731637328863144
36.9916666666667,0.195177561442057,0.82382438659668,0.194700747728348,0.719357222318649
37,0.195617116292318,0.823940887451172,0.234063841402531,0.673973500728607
37.0083333333333,0.196208852132161,0.824208679199219,0.246803939342499,0.654398322105408
37.0166666666667,0.196650899251302,0.824288101196289,0.259691469371319,0.642277508974075
37.025,0.197107086181641,0.824422378540039,0.258926272392273,0.641514152288437
37.0333333333333,0.197450612386068,0.824575729370117,0.253393314778805,0.648488253355026
37.0416666666667,0.197859293619792,0.824904251098633,0.250008918344975,0.648164004087448
37.05,0.198241933186849,0.825137023925781,0.253117173910141,0.651836156845093
37.0583333333333,0.198697865804036,0.825348968505859,0.256304763257504,0.6483493745327
37.0666666666667,0.199125061035156,0.825683898925781,0.248779803514481,0.640289485454559
37.075,0.199559580485026,0.826147766113281,0.247725270688534,0.651514053344727
37.0833333333333,0.201012064615885,0.828073654174805,0.250893324613571,0.653605759143829
37.0916666666667,0.201012064615885,0.828073654174805,0.252223327755928,0.630531817674637
37.1,0.20235590616862,0.828956604003906,0.250692971050739,0.648032605648041
37.1083333333333,0.20235590616862,0.828956604003906,0.258334584534168,0.652002036571503
37.1166666666667,0.202513173421224,0.82889907836914,0.253040976822376,0.657609432935715
37.125,0.202503916422526,0.828794326782227,0.253372199833393,0.653057783842087
37.1333333333333,0.202450968424479,0.828733825683594,0.252967804670334,0.635624408721924
37.1416666666667,0.202523396809896,0.829024429321289,0.246836550533772,0.65912851691246
37.15,0.202575022379557,0.829377822875976,0.258348554372787,0.649361431598663
37.1583333333333,0.202691497802734,0.829730682373047,0.249754406511784,0.630116164684296
37.1666666666667,0.202686513264974,0.83011962890625,0.257372103631496,0.64815229177475
37.175,0.202728627522786,0.830812759399414,0.259809523820877,0.643699139356613
37.1833333333333,0.202766621907552,0.831712188720703,0.255314484238625,0.63215497136116
37.1916666666667,0.20289540608724,0.832725067138672,0.260098852217197,0.637801319360733
37.2,0.203012898763021,0.833751678466797,0.255465619266033,0.644514739513397
37.2083333333333,0.202914377848307,0.834609146118164,0.260346710681915,0.643417149782181
37.2166666666667,0.202809600830078,0.835514221191406,0.25758521258831,0.645925402641296
37.225,0.202800445556641,0.8365283203125,0.260963723063469,0.651142746210098
37.2333333333333,0.202990163167318,0.837648239135742,0.254323445260525,0.675829619169235
37.2416666666667,0.20307622273763,0.838721694946289,0.234059013426304,0.727712780237198
37.25,0.203072967529297,0.83975715637207,0.23016843944788,0.754648566246033
37.2583333333333,0.202882029215495,0.840393447875977,0.207097493112087,0.818225562572479
37.2666666666667,0.202741851806641,0.841217193603516,0.223471730947495,0.853794604539871
37.275,0.202477213541667,0.84213005065918,0.214736565947533,0.886505365371704
37.2833333333333,0.202364451090495,0.843239517211914,0.223819367587566,0.86241340637207
37.2916666666667,0.202311401367187,0.844083786010742,0.220676206052303,0.872593730688095
37.3,0.202245585123698,0.844836196899414,0.205999307334423,0.870130926370621
37.3083333333333,0.202085266113281,0.845345611572266,0.220308676362038,0.874485284090042
37.3166666666667,0.202152048746745,0.845646667480469,0.204419255256653,0.875913351774216
37.325,0.202281595865885,0.8457470703125,0.20803128182888,0.862598747014999
37.3333333333333,0.202365366617839,0.845754013061524,0.220389358699322,0.858002096414566
37.3416666666667,0.20243896484375,0.845699768066406,0.2202293202281,0.864040344953537
37.35,0.202416737874349,0.845509796142578,0.213070705533028,0.857471913099289
37.3583333333333,0.202387491861979,0.845266418457031,0.207982018589973,0.866528391838074
37.3666666666667,0.202296549479167,0.845035705566406,0.209773764014244,0.860138297080994
37.375,0.202174530029297,0.844706878662109,0.208648316562176,0.859852373600006
37.3833333333333,0.202008107503255,0.84443717956543,0.21621485054493,0.862026154994965
37.3916666666667,0.201891784667969,0.844082412719727,0.218275465071201,0.868184030056
37.4,0.201747131347656,0.843685836791992,0.210333108901978,0.864427268505096
37.4083333333333,0.201626586914062,0.843261184692383,0.219363130629063,0.869155406951904
37.4166666666667,0.201394449869792,0.842578735351562,0.213885687291622,0.876040637493134
37.425,0.201394449869792,0.842578735351562,0.217627063393593,0.865370452404022
37.4333333333333,0.201404978434245,0.841886901855469,0.221717990934849,0.880951106548309
37.4416666666667,0.201404978434245,0.841886901855469,0.193173281848431,0.861461371183395
37.45,0.201080373128255,0.841157836914062,0.185139954090118,0.835827142000198
37.4583333333333,0.200711720784505,0.840526962280273,0.182566471397877,0.838314801454544
37.4666666666667,0.200539042154948,0.840016250610352,0.177505560219288,0.835857629776001
37.475,0.200274709065755,0.839544372558594,0.178388305008411,0.848371803760529
37.4833333333333,0.200234680175781,0.839158096313477,0.195864640176296,0.856410384178162
37.4916666666667,0.199864196777344,0.838500442504883,0.188762500882149,0.845272809267044
37.5,0.199710591634115,0.837844924926758,0.191387422382832,0.868362337350845
37.5083333333333,0.199424438476562,0.837085037231445,0.191374361515045,0.851089179515839
37.5166666666667,0.199126536051432,0.836482467651367,0.18056583404541,0.838997036218643
37.525,0.198977203369141,0.836100540161133,0.180628329515457,0.836978375911713
37.5333333333333,0.198877716064453,0.83584716796875,0.193045563995838,0.840929448604584
37.5416666666667,0.198600056966146,0.835597076416016,0.188693083822727,0.839917778968811
37.55,0.198365631103516,0.835461273193359,0.17774885892868,0.833257436752319
37.5583333333333,0.198151702880859,0.835267486572266,0.191961109638214,0.837282776832581
37.5666666666667,0.197759094238281,0.834976959228516,0.183866880834103,0.848288655281067
37.575,0.19766840616862,0.83492561340332,0.1859345510602,0.846615940332413
37.5833333333333,0.197707977294922,0.834969482421875,0.18430632352829,0.859605848789215
37.5916666666667,0.19762934366862,0.835040130615235,0.190141960978508,0.851570516824722
37.6,0.197475128173828,0.835074157714844,0.178496979176998,0.853420227766037
37.6083333333333,0.197078704833984,0.834886169433594,0.184288568794727,0.854464620351791
37.6166666666667,0.196844635009766,0.834949035644531,0.180398233234882,0.852715969085693
37.625,0.196844635009766,0.834949035644531,0.192522823810577,0.85615798830986
37.6333333333333,0.196551564534505,0.835058059692383,0.182285331189632,0.83770340681076
37.6416666666667,0.196314798990885,0.835408554077149,0.182719431817532,0.845148205757141
37.65,0.195890604654948,0.835780944824219,0.189337007701397,0.848544061183929
37.6583333333333,0.194681294759115,0.835430450439453,0.191201902925968,0.850675076246262
37.6666666666667,0.193583272298177,0.835575714111328,0.18987862020731,0.847157716751099
37.675,0.193096516927083,0.836584777832031,0.191216766834259,0.852180451154709
37.6833333333333,0.193515014648438,0.839122695922851,0.22857927531004,0.81212592124939
37.6916666666667,0.194239654541016,0.84140007019043,0.285066373646259,0.733610510826111
37.7,0.194572245279948,0.842162017822266,0.310161501169205,0.67891663312912
37.7083333333333,0.194816741943359,0.842498474121094,0.342152878642082,0.651210397481918
37.7166666666667,0.195126088460286,0.84272705078125,0.368924498558044,0.653385519981384
37.725,0.195202840169271,0.842871475219727,0.355340555310249,0.641151815652847
37.7333333333333,0.195162913004557,0.843124847412109,0.353469863533974,0.662449449300766
37.7416666666667,0.19508794148763,0.843585739135742,0.359047591686249,0.647857397794724
37.75,0.194837443033854,0.84397476196289,0.357743859291077,0.652400523424149
37.7583333333333,0.194656117757161,0.844545822143555,0.359285369515419,0.648888289928436
37.7666666666667,0.19440180460612,0.844965972900391,0.350728243589401,0.652608603239059
37.775,0.19416498819987,0.845315704345703,0.359498769044876,0.66060146689415
37.7833333333333,0.194138488769531,0.845431900024414,0.354096785187721,0.64491069316864
37.7916666666667,0.194366149902344,0.845629272460938,0.350558280944824,0.647891908884048
37.8,0.194881947835286,0.845782470703125,0.354113474488258,0.644981056451797
37.8083333333333,0.195422515869141,0.845793609619141,0.359666585922241,0.643269568681717
37.8166666666667,0.195623524983724,0.845533676147461,0.357252985239029,0.655883252620697
37.825,0.196050262451172,0.845398178100586,0.359529539942741,0.645078897476196
37.8333333333333,0.196355590820313,0.845304946899414,0.357635512948036,0.655755341053009
37.8416666666667,0.196736755371094,0.845170822143555,0.382145017385483,0.629052937030792
37.85,0.197173665364583,0.845039443969727,0.413024008274078,0.61262983083725
37.8583333333333,0.197864176432292,0.84511360168457,0.415692314505577,0.617849230766296
37.8666666666667,0.197864176432292,0.84511360168457,0.408056348562241,0.60840168595314
37.875,0.198861796061198,0.845171051025391,0.405853047966957,0.601499497890472
37.8833333333333,0.199816538492839,0.845067596435547,0.418201997876167,0.614447414875031
37.8916666666667,0.200659993489583,0.844769592285156,0.419674202799797,0.60800763964653
37.9,0.201361999511719,0.844456176757812,0.413327634334564,0.623720616102219
37.9083333333333,0.201881154378255,0.844050140380859,0.42035773396492,0.611722052097321
37.9166666666667,0.202186381022135,0.843807601928711,0.410982549190521,0.615440219640732
37.925,0.202308095296224,0.843303909301758,0.417274013161659,0.613103657960892
37.9333333333333,0.20242925008138,0.842888107299805,0.413043707609177,0.614599257707596
37.9416666666667,0.202577870686849,0.842626266479492,0.413289114832878,0.609702706336975
37.95,0.202907257080078,0.842745971679687,0.411820083856583,0.619040638208389
37.9583333333333,0.203399403889974,0.842890930175781,0.414301708340645,0.618468940258026
37.9666666666667,0.203792826334635,0.842796249389648,0.409346118569374,0.615168839693069
37.975,0.20415771484375,0.842563858032227,0.402639493346214,0.631193906068802
37.9833333333333,0.204584147135417,0.842359466552734,0.409956008195877,0.628630876541138
37.9916666666667,0.204764353434245,0.841905670166016,0.410495981574059,0.629260629415512
38,0.20495122273763,0.841590347290039,0.410242229700089,0.626983970403671
38.0083333333333,0.205120188395182,0.841360244750977,0.404390662908554,0.622611373662949
38.0166666666667,0.205377807617187,0.841202545166016,0.409195959568024,0.617284297943115
38.025,0.205643056233724,0.840994644165039,0.415754243731499,0.617700785398483
38.0333333333333,0.20582509358724,0.840732574462891,0.407583296298981,0.614088952541351
38.0416666666667,0.205781860351562,0.840382995605469,0.412895426154137,0.621026962995529
38.05,0.205905049641927,0.840317077636719,0.411451905965805,0.620585739612579
38.0583333333333,0.206055755615234,0.840236740112305,0.410815089941025,0.617046326398849
38.0666666666667,0.206267547607422,0.840099945068359,0.41488416492939,0.618433952331543
38.075,0.20655527750651,0.840042724609375,0.408273726701736,0.605221807956696
38.0833333333333,0.20655527750651,0.840042724609375,0.40567684173584,0.623361647129059
38.0916666666667,0.206920064290365,0.839807510375977,0.410028129816055,0.618994027376175
38.1,0.207362314860026,0.839295043945312,0.402638107538223,0.631031215190887
38.1083333333333,0.208087870279948,0.838338012695312,0.334881246089935,0.655684143304825
38.1166666666667,0.208572285970052,0.837237854003906,0.26124107837677,0.689391165971756
38.125,0.208892923990885,0.836033782958984,0.202900856733322,0.714671432971954
38.1333333333333,0.209393005371094,0.835140228271484,0.194411799311638,0.743703812360764
38.1416666666667,0.209677073160807,0.833883895874023,0.196325972676277,0.741326361894608
38.15,0.210161285400391,0.832685699462891,0.20562931895256,0.733753174543381
38.1583333333333,0.211049499511719,0.831754760742188,0.196120262145996,0.737785160541534
38.1666666666667,0.211929168701172,0.830702056884766,0.202896602451801,0.741483390331268
38.175,0.213263346354167,0.830283584594727,0.209732934832573,0.735937893390656
38.1833333333333,0.214641367594401,0.829242858886719,0.212565436959267,0.737929701805115
38.1916666666667,0.216243438720703,0.828774871826172,0.203867487609386,0.735151588916779
38.2,0.217609151204427,0.827695465087891,0.193451024591923,0.741168469190598
38.2083333333333,0.219375508626302,0.826854019165039,0.200351409614086,0.736401230096817
38.2166666666667,0.220712483723958,0.825544204711914,0.200786210596561,0.727108538150787
38.225,0.222506713867188,0.824165344238281,0.202491514384747,0.736504852771759
38.2333333333333,0.224064178466797,0.822400131225586,0.199715852737427,0.734829276800156
38.2416666666667,0.225480397542318,0.820244598388672,0.19897922873497,0.743175864219666
38.25,0.226838582356771,0.818406219482422,0.193643040955067,0.736915111541748
38.2583333333333,0.228155670166016,0.816284942626953,0.198753364384174,0.740564942359924
38.2666666666667,0.229365692138672,0.814646377563476,0.199320271611214,0.740628719329834
38.275,0.23063222249349,0.812924346923828,0.203071229159832,0.74116325378418
38.2833333333333,0.231519317626953,0.810902099609375,0.205415390431881,0.749965518712997
38.2916666666667,0.232069600423177,0.808578338623047,0.204403229057789,0.744109213352203
38.3,0.232931162516276,0.807798919677734,0.199380204081535,0.736068874597549
38.3083333333333,0.233924611409505,0.806435241699219,0.193517439067364,0.749385684728622
38.3166666666667,0.235438385009766,0.805219039916992,0.194334864616394,0.743845641613007
38.325,0.236845194498698,0.803229217529297,0.207951731979847,0.744521409273148
38.3333333333333,0.238384704589844,0.800803604125977,0.196255385875702,0.738523781299591
38.3416666666667,0.240430399576823,0.79787727355957,0.197291888296604,0.733170956373215
38.35,0.242183481852214,0.795011215209961,0.197240851819515,0.731450647115707
38.3583333333333,0.243668874104818,0.791928558349609,0.206927135586739,0.742793321609497
38.3666666666667,0.245702616373698,0.789897308349609,0.196612223982811,0.73688331246376
38.375,0.247412363688151,0.787004776000977,0.209182485938072,0.754121065139771
38.3833333333333,0.249251810709635,0.784143371582031,0.200747109949589,0.739720940589905
38.3916666666667,0.251168619791667,0.781591110229492,0.19665963947773,0.748759269714355
38.4,0.253282419840495,0.779559936523437,0.203802727162838,0.742592066526413
38.4083333333333,0.255369415283203,0.77787353515625,0.199028074741364,0.754570305347443
38.4166666666667,0.255369415283203,0.77787353515625,0.199176110327244,0.753782659769058
38.425,0.257666320800781,0.775965728759766,0.203903697431087,0.747845143079758
38.4333333333333,0.259750569661458,0.773636169433594,0.198488116264343,0.755933791399002
38.4416666666667,0.261764628092448,0.770782470703125,NaN,NaN
38.45,0.263724365234375,0.767654342651367,NaN,NaN
38.4583333333333,0.266099497477214,0.764712142944336,NaN,NaN
38.4666666666667,0.268921610514323,0.762155990600586,NaN,NaN
38.475,0.271769816080729,0.759552841186523,NaN,NaN
38.4833333333333,0.274872029622396,0.757139053344727,NaN,NaN
38.4916666666667,0.278069458007812,0.754514236450195,NaN,NaN
38.5,0.281304321289062,0.751542358398438,NaN,NaN
38.5083333333333,0.284660898844401,0.748705139160156,NaN,NaN
38.5166666666667,0.291694094340006,0.744700317382813,NaN,NaN
38.525,0.295629056294759,0.741151504516601,NaN,NaN
38.5333333333333,0.299128557840983,0.737641525268555,0.11479034088552,0.795559048652649
38.5416666666667,0.302594235738118,0.734763488769531,0.209339372813702,0.739803671836853
38.55,0.305613899230957,0.731915817260742,0.204177781939507,0.739076942205429
38.5583333333333,0.30862984975179,0.728840103149414,0.192541234195232,0.744234830141068
38.5666666666667,0.311456667582194,0.725978622436523,0.197708904743195,0.743438243865967
38.575,0.314145393371582,0.723300247192383,0.201532326638699,0.743245184421539
38.5833333333333,0.316575889587402,0.720734481811523,0.20572355389595,0.758738100528717
38.5916666666667,0.31862247467041,0.718147583007813,0.200778841972351,0.748589783906937
38.6,0.320747540791829,0.715825805664063,0.19346509873867,0.749861061573029
38.6083333333333,0.3228986231486,0.713858108520508,0.201392881572247,0.756207853555679
38.6166666666667,0.324857063293457,0.712182846069336,0.189228273928165,0.757252961397171
38.625,0.32681936899821,0.710663070678711,0.196120843291283,0.771020591259003
38.6333333333333,0.328587379455566,0.709765777587891,NaN,NaN
38.6416666666667,0.330280291239421,0.70904541015625,NaN,NaN
38.65,0.331932640075684,0.708822021484375,NaN,NaN
38.6583333333333,0.333595186869303,0.708693542480469,NaN,NaN
38.6666666666667,0.336243527730306,0.708783111572266,NaN,NaN
38.675,0.338072675069173,0.708692321777344,NaN,NaN
38.6833333333333,0.339169603983561,0.7081005859375,NaN,NaN
38.6916666666667,0.340237998962402,0.707418365478516,NaN,NaN
38.7,0.341301002502441,0.70686897277832,NaN,NaN
38.7083333333333,0.342121899922689,0.706327209472656,NaN,NaN
38.7166666666667,0.342698631286621,0.705755996704102,NaN,NaN
38.725,0.343384539286296,0.705309448242188,NaN,NaN
38.7333333333333,0.343384539286296,0.705309448242188,NaN,NaN
38.7416666666667,0.344406700134277,0.704738998413086,NaN,NaN
38.75,0.344661191304525,0.704687271118164,NaN,NaN
38.7583333333333,0.344661191304525,0.704687271118164,NaN,NaN
38.7666666666667,0.344921684265137,0.704702911376953,NaN,NaN
38.775,0.345132001241048,0.705113677978516,NaN,NaN
38.7833333333333,0.345132001241048,0.705113677978516,NaN,NaN
38.7916666666667,0.344976183573405,0.705910949707031,NaN,NaN
38.8,0.344806887308757,0.706511001586914,NaN,NaN
38.8083333333333,0.34452200571696,0.707430038452148,NaN,NaN
38.8166666666667,0.344261512756348,0.708487548828125,NaN,NaN
38.825,0.343874499003092,0.709517440795898,NaN,NaN
38.8333333333333,0.343465131123861,0.710569915771484,NaN,NaN
38.8416666666667,0.342960395812988,0.711323852539062,NaN,NaN
38.85,0.342477175394694,0.712061080932617,NaN,NaN
38.8583333333333,0.341990954081217,0.712599182128906,NaN,NaN
38.8666666666667,0.341390902201335,0.713061676025391,NaN,NaN
38.875,0.340813051859538,0.713328247070313,0.182097174227238,0.795872032642365
38.8833333333333,0.340604616800944,0.713667678833008,NaN,NaN
38.8916666666667,0.340342394510905,0.714061660766601,NaN,NaN
38.9,0.340032615661621,0.714803695678711,0.180837482213974,0.764639496803284
38.9083333333333,0.340060869852702,0.715642395019531,NaN,NaN
38.9166666666667,0.340053850809733,0.715807418823242,0.165866136550903,0.77578604221344
38.925,0.339825808207194,0.715355987548828,0.182744555175304,0.756269693374634
38.9333333333333,0.339636777242025,0.714850845336914,NaN,NaN
38.9416666666667,0.339668057759603,0.714559173583984,NaN,NaN
38.95,0.339806963602702,0.714292755126953,NaN,NaN
38.9583333333333,0.340072008768717,0.714253768920899,NaN,NaN
38.9666666666667,0.340317497253418,0.713842163085938,NaN,NaN
38.975,0.340633735656738,0.713061828613281,NaN,NaN
38.9833333333333,0.340764172871908,0.711976470947266,NaN,NaN
38.9916666666667,0.340897178649902,0.711187744140625,NaN,NaN
39,0.341303799947103,0.710528335571289,NaN,NaN
39.0083333333333,0.341834246317546,0.710002593994141,NaN,NaN
39.0166666666667,0.342189114888509,0.70958869934082,NaN,NaN
39.025,0.342725842793783,0.709184494018555,NaN,NaN
39.0333333333333,0.343042971293132,0.708597412109375,NaN,NaN
39.0416666666667,0.343203188578288,0.708050537109375,NaN,NaN
39.05,0.343316307067871,0.707805099487305,NaN,NaN
39.0583333333333,0.343406079610189,0.707807769775391,NaN,NaN
39.0666666666667,0.343662910461426,0.708039321899414,NaN,NaN
39.075,0.343659248352051,0.708425827026367,NaN,NaN
39.0833333333333,0.343779258728027,0.70904541015625,NaN,NaN
39.0916666666667,0.344191907246908,0.709733581542969,NaN,NaN
39.1,0.344255104064941,0.710342788696289,NaN,NaN
39.1083333333333,0.344431266784668,0.710850219726562,NaN,NaN
39.1166666666667,0.344756991068522,0.711242370605469,NaN,NaN
39.125,0.344994112650553,0.711589889526367,NaN,NaN
39.1333333333333,0.34515079498291,0.711898422241211,NaN,NaN
39.1416666666667,0.345301882425944,0.712285766601563,NaN,NaN
39.15,0.345353507995605,0.712802352905273,NaN,NaN
39.1583333333333,0.345772768656413,0.713633575439453,NaN,NaN
39.1666666666667,0.346198743184408,0.714517440795899,NaN,NaN
39.175,0.346671384175618,0.715506591796875,NaN,NaN
39.1833333333333,0.347334276835124,0.716405410766602,NaN,NaN
39.1916666666667,0.347843488057454,0.717202072143555,NaN,NaN
39.2,0.348346926371257,0.717885818481445,NaN,NaN
39.2083333333333,0.349059816996257,0.71866569519043,NaN,NaN
39.2166666666667,0.349708722432454,0.719063262939453,NaN,NaN
39.225,0.350288861592611,0.719256744384766,NaN,NaN
39.2333333333333,0.349958025614421,0.719968948364258,NaN,NaN
39.2416666666667,0.349980481465658,0.720506286621094,NaN,NaN
39.25,0.350400454203288,0.72089225769043,NaN,NaN
39.2583333333333,0.352692171732585,0.721611480712891,NaN,NaN
39.2666666666667,0.353972307840983,0.722215118408203,NaN,NaN
39.275,0.354854494730632,0.722457656860352,NaN,NaN
39.2833333333333,0.355769411722819,0.722674255371094,NaN,NaN
39.2916666666667,0.356569608052572,0.722598114013672,NaN,NaN
39.3,0.357115847269694,0.722530975341797,NaN,NaN
39.3083333333333,0.35755179087321,0.722563400268555,NaN,NaN
39.3166666666667,0.357950426737467,0.722691040039062,NaN,NaN
39.325,0.357950426737467,0.722691040039062,NaN,NaN
39.3333333333333,0.358391304016113,0.723147430419922,NaN,NaN
39.3416666666667,0.358654543558756,0.723617095947266,NaN,NaN
39.35,0.35887264251709,0.724234008789063,NaN,NaN
39.3583333333333,0.358951072692871,0.724887161254883,NaN,NaN
39.3666666666667,0.359026781717936,0.725644989013672,NaN,NaN
39.375,0.358849143981934,0.726480331420899,NaN,NaN
39.3833333333333,0.358682136535645,0.727530517578125,NaN,NaN
39.3916666666667,0.358476549784342,0.728914947509766,NaN,NaN
39.4,0.358578961690267,0.730574264526367,NaN,NaN
39.4083333333333,0.358503761291504,0.731954574584961,NaN,NaN
39.4166666666667,0.358462562561035,0.733311080932617,NaN,NaN
39.425,0.358387819925944,0.734389801025391,NaN,NaN
39.4333333333333,0.358343467712402,0.735461730957031,0.306552365422249,0.832367867231369
39.4416666666667,0.358145612080892,0.736812744140625,0.292328797280788,0.833284676074982
39.45,0.358206799825033,0.738403244018555,0.277651518583298,0.845279723405838
39.4583333333333,0.358372993469238,0.740478439331055,0.419089049100876,0.837934404611588
39.4666666666667,0.358492596944173,0.742708129882812,0.415737792849541,0.836520463228226
39.475,0.358598416646322,0.744508743286133,0.410155698657036,0.822249799966812
39.4833333333333,0.35864205678304,0.746272430419922,0.418109253048897,0.827750325202942
39.4916666666667,0.358861020406087,0.748137588500977,0.333795160055161,0.842870384454727
39.5,0.359310188293457,0.750153350830078,NaN,NaN
39.5083333333333,0.360077374776204,0.751862411499023,NaN,NaN
39.5166666666667,0.360959815979004,0.753990783691406,NaN,NaN
39.525,0.361929588317871,0.756159973144531,NaN,NaN
39.5333333333333,0.362990633646647,0.758792037963867,NaN,NaN
39.5416666666667,0.364152946472168,0.761939544677734,NaN,NaN
39.55,0.365348421732585,0.765084381103516,NaN,NaN
39.5583333333333,0.366627591451009,0.768470458984375,0.418857589364052,0.833955883979797
39.5666666666667,0.368182182312012,0.771674346923828,0.413608968257904,0.830504596233368
39.575,0.369894955952962,0.775252914428711,0.408007502555847,0.862268298864365
39.5833333333333,0.371518465677897,0.77879768371582,0.396729364991188,0.847191959619522
39.5916666666667,0.373046379089355,0.782553634643555,0.407164752483368,0.856202483177185
39.6,0.374695065816243,0.78677001953125,0.404037311673164,0.855538159608841
39.6083333333333,0.376331265767415,0.791002426147461,0.398181945085526,0.855578243732452
39.6166666666667,0.377924613952637,0.795084075927734,0.405882239341736,0.850694358348846
39.625,0.379749666849772,0.798764419555664,0.40824843943119,0.863336563110352
39.6333333333333,0.381668408711751,0.802731399536133,0.400331869721413,0.845245629549026
39.6416666666667,0.383629620869954,0.806393966674805,0.405993387103081,0.863466888666153
39.65,0.385817120869954,0.80956428527832,0.408960178494453,0.870659649372101
39.6583333333333,0.387938575744629,0.812950820922852,0.412144839763641,0.842090040445328
39.6666666666667,0.390113945007324,0.815941848754883,0.408200144767761,0.830684542655945
39.675,0.392502504984538,0.818908920288086,0.416424572467804,0.850452274084091
39.6833333333333,0.394607734680176,0.821608123779297,NaN,NaN
39.6916666666667,0.394607734680176,0.821608123779297,0.386701747775078,0.851149678230286
39.7,0.396597290039063,0.823802032470703,NaN,NaN
39.7083333333333,0.398788973490397,0.825686798095703,NaN,NaN
39.7166666666667,0.402493604024251,0.828569869995117,0.203551225364208,0.804151475429535
39.725,0.403922411600749,0.830209655761719,0.177636101841927,0.79714959859848
39.7333333333333,0.405108871459961,0.831421127319336,0.157068077474833,0.795297235250473
39.7416666666667,0.406297467549642,0.832220458984375,0.168860234320164,0.790425360202789
39.75,0.407324574788411,0.832562866210937,0.172251798212528,0.787807703018188
39.7583333333333,0.408353118896484,0.83285530090332,NaN,NaN
39.7666666666667,0.409260012308757,0.833069915771484,0.161704897880554,0.7920922935009
39.775,0.409989102681478,0.833340072631836,0.170761823654175,0.790236681699753
39.7833333333333,0.410446561177572,0.833586654663086,0.15109558403492,0.791000962257385
39.7916666666667,0.410852737426758,0.833796234130859,0.170166164636612,0.792346447706223
39.8,0.410919392903646,0.833814239501953,0.176266968250275,0.785553514957428
39.8083333333333,0.410903854370117,0.834005355834961,0.158480398356915,0.799273192882538
39.8166666666667,0.410768051147461,0.834208068847656,0.168065086007118,0.785820573568344
39.825,0.410688412984212,0.834584426879883,0.164316676557064,0.786466538906097
39.8333333333333,0.410526466369629,0.834996185302734,0.153699532151222,0.774303823709488
39.8416666666667,0.410378189086914,0.835689086914063,0.163544856011868,0.774354517459869
39.85,0.410160471598307,0.836316223144531,0.158849745988846,0.793570786714554
39.8583333333333,0.409777043660482,0.836873168945312,0.161023043096066,0.77705043554306
39.8666666666667,0.409043782552083,0.837498245239258,0.156221903860569,0.791752427816391
39.875,0.408432833353678,0.838421630859375,0.162403769791126,0.775171250104904
39.8833333333333,0.407881813049316,0.839188232421875,0.156585499644279,0.783228069543839
39.8916666666667,0.407611363728841,0.839668579101563,0.152761228382587,0.784314215183258
39.9,0.407438456217448,0.840541915893555,0.160217985510826,0.785680383443832
39.9083333333333,0.407413991292318,0.841321258544922,0.159926056861877,0.774071902036667
39.9166666666667,0.407447191874186,0.842177352905273,0.156095497310162,0.792423725128174
39.925,0.407455838521322,0.842860260009766,0.169761843979359,0.783389776945114
39.9333333333333,0.407488059997559,0.843709182739258,0.160211868584156,0.777780145406723
39.9416666666667,0.407623952229818,0.84451904296875,0.167265810072422,0.786398530006409
39.95,0.407783864339193,0.845273513793945,0.16554082930088,0.78885281085968
39.9583333333333,0.407853876749675,0.845991287231445,0.161905974149704,0.792061388492584
39.9666666666667,0.407718772888184,0.846580047607422,0.159486033022404,0.790362179279327
39.975,0.40750550587972,0.847124710083008,0.157496407628059,0.790260583162308
39.9833333333333,0.407419408162435,0.847935180664062,0.212006315588951,0.794290393590927
39.9916666666667,0.40730344136556,0.848574523925781,0.297630786895752,0.802051037549973
40,0.40730344136556,0.848574523925781,0.373351767659187,0.802887052297592
40.0083333333333,0.407195955912272,0.849210739135742,0.384797438979149,0.825988590717316
40.0166666666667,0.407098108927409,0.849923934936523,0.364102154970169,0.830372422933578
40.025,0.407039527893066,0.850636749267578,0.365033775568008,0.831304103136063
40.0333333333333,0.407032407124837,0.85113410949707,0.372756227850914,0.834494769573212
40.0416666666667,0.407036832173665,0.851677398681641,0.370468616485596,0.829711854457855
40.05,0.406986452738444,0.852317733764648,0.37454254925251,0.833184272050858
40.0583333333333,0.406862335205078,0.852909545898437,0.3730498701334,0.830676227807999
40.0666666666667,0.40674191792806,0.853317947387695,0.370076388120651,0.827775329351425
40.075,0.406671676635742,0.853604278564453,0.372108802199364,0.83153024315834
40.0833333333333,0.406645889282227,0.853681030273437,0.372039169073105,0.827575653791428
40.0916666666667,0.4065966796875,0.853756103515625,0.369145333766937,0.830078452825546
40.1,0.406605529785156,0.85388557434082,0.36192712187767,0.837834805250168
40.1083333333333,0.406582120259603,0.853858642578125,0.366180926561356,0.831540375947952
40.1166666666667,0.406416893005371,0.853647384643555,0.371685013175011,0.843158692121506
40.125,0.406454938252767,0.853475799560547,0.370948731899261,0.830636858940125
40.1333333333333,0.406462999979655,0.853125,0.359309524297714,0.844318240880966
40.1416666666667,0.406478792826335,0.852728729248047,0.36155204474926,0.840834051370621
40.15,0.406681175231934,0.852491226196289,0.370069280266762,0.83761802315712
40.1583333333333,0.406886049906413,0.852177047729492,0.367522701621056,0.833944827318192
40.1666666666667,0.407130902608236,0.851860122680664,0.377040207386017,0.838959336280823
40.175,0.407321217854818,0.851724548339844,0.372179716825485,0.840231239795685
40.1833333333333,0.40749090830485,0.851682891845703,0.369444400072098,0.835146278142929
40.1916666666667,0.407552363077799,0.851540832519531,0.373884096741676,0.831924676895142
40.2,0.407495371500651,0.851245651245117,0.36986543238163,0.849152684211731
40.2083333333333,0.407465375264486,0.851020050048828,0.359853953123093,0.845518231391907
40.2166666666667,0.407512397766113,0.850857238769531,0.311906069517136,0.845790058374405
40.225,0.40756649017334,0.850695266723633,0.24927631765604,0.858869403600693
40.2333333333333,0.407600186665853,0.850519485473633,0.210758924484253,0.865375250577927
40.2416666666667,0.40781857808431,0.850410003662109,0.200659140944481,0.866049766540527
40.25,0.408368326822917,0.850008163452148,0.204740829765797,0.857057958841324
40.2583333333333,0.409011344909668,0.849659576416016,0.212236136198044,0.866245776414871
40.2666666666667,0.409464111328125,0.849448928833008,0.212778687477112,0.855390012264252
40.275,0.409775924682617,0.849197158813477,0.198697544634342,0.864252299070358
40.2833333333333,0.40992795308431,0.848936004638672,0.212827131152153,0.86338484287262
40.2916666666667,0.409930903116862,0.848666229248047,0.205783002078533,0.852833211421967
40.3,0.409937299092611,0.848323059082031,0.20037180185318,0.868831783533096
40.3083333333333,0.409960594177246,0.847740020751953,0.204192414879799,0.866153478622437
40.3166666666667,0.410025634765625,0.847463989257813,0.206861704587936,0.865645557641983
40.325,0.410129165649414,0.847082748413086,0.209101311862469,0.872089803218842
40.3333333333333,0.410369199117025,0.846913146972656,0.213043130934238,0.859527260065079
40.3416666666667,0.410721384684245,0.846746063232422,0.216312043368816,0.863785535097122
40.35,0.411032460530599,0.846718673706055,0.21736541390419,0.866988867521286
40.3583333333333,0.411233685811361,0.846573181152344,0.212466202676296,0.855701088905334
40.3666666666667,0.411363932291667,0.846428833007812,0.202557124197483,0.862105965614319
40.375,0.411363932291667,0.846428833007812,0.209206968545914,0.862814754247665
40.3833333333333,0.411404698689779,0.846140365600586,0.202245607972145,0.85362246632576
40.3916666666667,0.411331545511881,0.845950927734375,0.198819756507874,0.868941605091095
40.4,0.411318346659342,0.845814437866211,0.203195378184319,0.866977602243423
40.4083333333333,0.41122371673584,0.845453109741211,0.209179535508156,0.856610953807831
40.4166666666667,0.411083056131999,0.84510368347168,0.211044356226921,0.869920670986176
40.425,0.410876579284668,0.84478630065918,0.204641342163086,0.868956685066223
40.4333333333333,0.410612576802572,0.844426803588867,0.225281044840813,0.851490586996078
40.4416666666667,0.410337651570638,0.844277420043945,0.302056938409805,0.834012031555176
40.45,0.410038935343425,0.844149169921875,0.369291871786118,0.808313876390457
40.4583333333333,0.409738477071126,0.843967819213867,0.404092833399773,0.81425553560257
40.4666666666667,0.409510663350423,0.843777770996094,0.419566452503204,0.804029494524002
40.475,0.409323603312174,0.843603897094727,0.400751024484634,0.812946349382401
40.4833333333333,0.409139315287272,0.843533172607422,0.409914255142212,0.808031469583511
40.4916666666667,0.408968467712402,0.843437118530273,0.403833717107773,0.814731776714325
40.5,0.408785387674967,0.843251113891602,0.407356217503548,0.80347466468811
40.5083333333333,0.408541793823242,0.84307975769043,0.404939010739326,0.812597781419754
40.5166666666667,0.408540954589844,0.843144073486328,0.402504339814186,0.808364778757095
40.525,0.408620745340983,0.842972412109375,0.407890647649765,0.806578010320663
40.5333333333333,0.408761927286784,0.842653656005859,0.409448191523552,0.816053092479706
40.5416666666667,0.408869272867839,0.842356948852539,0.4138113707304,0.809771597385406
40.55,0.409003372192383,0.841949234008789,0.403829500079155,0.812616884708405
40.5583333333333,0.409137077331543,0.841484451293945,0.407749757170677,0.798382520675659
40.5666666666667,0.40923573811849,0.840880508422852,0.413834989070892,0.797678232192993
40.575,0.40923890431722,0.840320892333985,0.419144466519356,0.808869063854218
40.5833333333333,0.409142926534017,0.839677352905273,0.40509270131588,0.809260845184326
40.5916666666667,0.409060897827148,0.838659362792969,0.419911161065102,0.816480606794357
40.6,0.408898493448893,0.837803344726562,0.416338264942169,0.775217980146408
40.6083333333333,0.40869192759196,0.836724395751953,0.414547294378281,0.643407642841339
40.6166666666667,0.408496322631836,0.835648727416992,0.417166039347649,0.580296993255615
40.625,0.408496322631836,0.835648727416992,0.31932033598423,0.568761199712753
40.6333333333333,0.408206837972005,0.834318084716797,NaN,NaN
40.6416666666667,0.407722180684408,0.832987747192383,NaN,NaN
40.65,0.407315928141276,0.831471405029297,NaN,NaN
40.6583333333333,0.40683339436849,0.830069198608398,NaN,NaN
40.6666666666667,0.406327234903971,0.828153839111328,NaN,NaN
40.675,0.405948677062988,0.826474533081055,NaN,NaN
40.6833333333333,0.405770975748698,0.824451370239258,NaN,NaN
40.6916666666667,0.405495427449544,0.82249382019043,NaN,NaN
40.7,0.405303039550781,0.820332641601562,NaN,NaN
40.7083333333333,0.40508487701416,0.818046264648437,NaN,NaN
40.7166666666667,0.404850603739421,0.815718383789062,NaN,NaN
40.725,0.404358342488607,0.813273239135742,NaN,NaN
40.7333333333333,0.403954887390137,0.810705261230469,NaN,NaN
40.7416666666667,0.403725662231445,0.8079931640625,NaN,NaN
40.75,0.403512331644694,0.80532096862793,NaN,NaN
40.7583333333333,0.403491274515788,0.802629928588867,NaN,NaN
40.7666666666667,0.403460451761882,0.799604415893555,NaN,NaN
40.775,0.403230806986491,0.796637420654297,NaN,NaN
40.7833333333333,0.403185564676921,0.79337516784668,NaN,NaN
40.7916666666667,0.403183784484863,0.789890823364258,NaN,NaN
40.8,0.403240165710449,0.786250076293945,NaN,NaN
40.8083333333333,0.403619283040365,0.779838409423828,NaN,NaN
40.8166666666667,0.403371429443359,0.777197494506836,NaN,NaN
40.825,0.403141759236654,0.774206237792969,NaN,NaN
40.8333333333333,0.403517850240072,0.770788726806641,NaN,NaN
40.8416666666667,0.404631144205729,0.767933959960937,NaN,NaN
40.85,0.405537439982096,0.764411926269531,NaN,NaN
40.8583333333333,0.406287676493327,0.760842971801758,NaN,NaN
40.8666666666667,0.407014223734538,0.757176208496094,NaN,NaN
40.875,0.407671724955241,0.753474502563477,NaN,NaN
40.8833333333333,0.408085505167643,0.749705123901367,NaN,NaN
40.8916666666667,0.408476130167643,0.746021957397461,NaN,NaN
40.9,0.40883550008138,0.742569351196289,NaN,NaN
40.9083333333333,0.409239171346029,0.738825988769531,NaN,NaN
40.9166666666667,0.40973316192627,0.735169372558594,NaN,NaN
40.925,0.410094451904297,0.731644821166992,NaN,NaN
40.9333333333333,0.41057139078776,0.728082427978516,NaN,NaN
40.9416666666667,0.41057139078776,0.728082427978516,NaN,NaN
40.95,0.411056849161784,0.72486587524414,NaN,NaN
40.9583333333333,0.41140126546224,0.721430816650391,NaN,NaN
40.9666666666667,0.4117999903361,0.71774169921875,NaN,NaN
40.975,0.41217960357666,0.714217376708984,0.443248480558395,0.627604365348816
40.9833333333333,0.412430178324381,0.710553665161133,0.393926918506622,0.615130543708801
40.9916666666667,0.413006604512533,0.703601303100586,0.401187986135483,0.623287498950958
41,0.413199628194173,0.700410308837891,0.400150880217552,0.620407074689865
41.0083333333333,0.413362147013346,0.697028274536133,0.406309649348259,0.623206973075867
41.0166666666667,0.413675842285156,0.69360725402832,0.398584708571434,0.622723072767258
41.025,0.413932520548503,0.690113525390625,0.392111301422119,0.630650490522385
41.0333333333333,0.414181022644043,0.686904602050781,0.398047164082527,0.626360505819321
41.0416666666667,0.414189033508301,0.683685150146484,0.396690636873245,0.620629966259003
41.05,0.414189033508301,0.683685150146484,0.399113446474075,0.633882284164429
41.0583333333333,0.414448445638021,0.680189590454102,0.401414588093758,0.640049159526825
41.0666666666667,0.414763971964518,0.677018432617188,0.386895358562469,0.626432716846466
41.075,0.415183563232422,0.673307723999023,0.42276306450367,0.605130553245544
41.0833333333333,0.415496978759766,0.6698681640625,NaN,NaN
41.0916666666667,0.415678939819336,0.666109466552734,NaN,NaN
41.1,0.415602099100749,0.662015075683594,NaN,NaN
41.1083333333333,0.415542424519857,0.657366027832031,NaN,NaN
41.1166666666667,0.415571454366048,0.652445831298828,NaN,NaN
41.125,0.415402552286784,0.647580032348633,NaN,NaN
41.1333333333333,0.415588162740072,0.641795425415039,NaN,NaN
41.1416666666667,0.416048075358073,0.635460815429687,NaN,NaN
41.15,0.416484540303548,0.629148635864258,NaN,NaN
41.1583333333333,0.417335459391276,0.617707824707031,NaN,NaN
41.1666666666667,0.417335459391276,0.617707824707031,NaN,NaN
41.175,0.417296295166016,0.611385955810547,NaN,NaN
41.1833333333333,0.417028490702311,0.604545135498047,NaN,NaN
41.1916666666667,0.416873944600423,0.597410354614258,NaN,NaN
41.2,0.417737579345703,0.586524887084961,NaN,NaN
41.2083333333333,0.417737579345703,0.586524887084961,NaN,NaN
41.2166666666667,0.417471453348796,0.580501708984375,NaN,NaN
41.225,0.417555020650228,0.575738220214844,NaN,NaN
41.2333333333333,0.41785088857015,0.571774749755859,NaN,NaN
41.2416666666667,0.417966817220052,0.567853164672852,NaN,NaN
41.25,0.417654647827148,0.563516387939453,NaN,NaN
41.2583333333333,0.417537981669108,0.559416275024414,NaN,NaN
41.2666666666667,0.417529513041178,0.556118087768555,NaN,NaN
41.275,0.417536176045736,0.552831192016602,NaN,NaN
41.2833333333333,0.417602564493815,0.549499206542969,NaN,NaN
41.2916666666667,0.417337951660156,0.545740356445312,NaN,NaN
41.3,0.417074851989746,0.542129974365234,NaN,NaN
41.3083333333333,0.416951764424642,0.540217437744141,NaN,NaN
41.3166666666667,0.416801719665527,0.538665771484375,NaN,NaN
41.325,0.416672426859538,0.537096176147461,NaN,NaN
41.3333333333333,0.416627527872721,0.535207977294922,NaN,NaN
41.3416666666667,0.416721026102702,0.533043212890625,NaN,NaN
41.35,0.416777114868164,0.531037445068359,NaN,NaN
41.3583333333333,0.41681396484375,0.529532012939453,NaN,NaN
41.3666666666667,0.416639493306478,0.528757629394531,NaN,NaN
41.375,0.416397145589193,0.527917404174805,NaN,NaN
41.3833333333333,0.416095085144043,0.527158508300781,NaN,NaN
41.3916666666667,0.415492401123047,0.526051177978516,NaN,NaN
41.4,0.415060755411784,0.524740600585938,NaN,NaN
41.4083333333333,0.414646212259928,0.523740539550781,NaN,NaN
41.4166666666667,0.414084536234538,0.522821655273437,NaN,NaN
41.425,0.413560460408529,0.52268424987793,NaN,NaN
41.4333333333333,0.412932675679525,0.522768478393555,NaN,NaN
41.4416666666667,0.41229195912679,0.522938919067383,NaN,NaN
41.45,0.407782859802246,0.522685241699219,NaN,NaN
41.4583333333333,0.405292854309082,0.521821212768555,NaN,NaN
41.4666666666667,0.404055201212565,0.521524047851562,NaN,NaN
41.475,0.402931086222331,0.521826400756836,NaN,NaN
41.4833333333333,0.401970354715983,0.522896881103516,NaN,NaN
41.4916666666667,0.401259371439616,0.523637161254883,NaN,NaN
41.5,0.400724004109701,0.524433975219727,NaN,NaN
41.5083333333333,0.40030345916748,0.525324478149414,NaN,NaN
41.5166666666667,0.399930369059245,0.526336364746094,NaN,NaN
41.525,0.399609502156576,0.5274072265625,NaN,NaN
41.5333333333333,0.39932009379069,0.528569488525391,NaN,NaN
41.5416666666667,0.398988355000814,0.529672393798828,NaN,NaN
41.55,0.398708852132161,0.530662612915039,NaN,NaN
41.5583333333333,0.398344497680664,0.531599655151367,NaN,NaN
41.5666666666667,0.397933858235677,0.53256477355957,NaN,NaN
41.575,0.397562357584635,0.533859634399414,NaN,NaN
41.5833333333333,0.397259241739909,0.535222854614258,NaN,NaN
41.5916666666667,0.397135594685872,0.536438827514648,NaN,NaN
41.6,0.396904004414876,0.537415542602539,NaN,NaN
41.6083333333333,0.39679448445638,0.538101501464844,NaN,NaN
41.6166666666667,0.396799227396647,0.538588943481445,NaN,NaN
41.625,0.396702613830566,0.539184036254883,NaN,NaN
41.6333333333333,0.396632410685221,0.540092086791992,NaN,NaN
41.6416666666667,0.396632410685221,0.540092086791992,NaN,NaN
41.65,0.396725362141927,0.541005935668945,NaN,NaN
41.6583333333333,0.396721267700195,0.542252655029297,NaN,NaN
41.6666666666667,0.400437863667806,0.544093856811523,NaN,NaN
41.675,0.398329658508301,0.545337448120117,NaN,NaN
41.6833333333333,0.400920066833496,0.546660614013672,NaN,NaN
41.6916666666667,0.398461710611979,0.547474517822266,NaN,NaN
41.7,0.400995737711589,0.549039840698242,NaN,NaN
41.7083333333333,0.398450838724772,0.549502258300781,NaN,NaN
41.7166666666667,0.401489283243815,0.551410598754883,NaN,NaN
41.725,0.399230651855469,0.552022857666016,NaN,NaN
41.7333333333333,0.402086435953776,0.554016723632813,NaN,NaN
41.7416666666667,0.399673652648926,0.554554290771484,NaN,NaN
41.75,0.40246639251709,0.555915832519531,NaN,NaN
41.7583333333333,0.400175285339355,0.556323928833008,NaN,NaN
41.7666666666667,0.399207649230957,0.556465530395508,NaN,NaN
41.775,0.402602513631185,0.558534317016602,NaN,NaN
41.7833333333333,0.400816116333008,0.559053192138672,NaN,NaN
41.7916666666667,0.403414560953776,0.560559234619141,NaN,NaN
41.8,0.401459630330404,0.560110168457031,NaN,NaN
41.8083333333333,0.40334238688151,0.561744384765625,NaN,NaN
41.8166666666667,0.403996022542318,0.56343635559082,NaN,NaN
41.825,0.404907480875651,0.564622497558594,NaN,NaN
41.8333333333333,0.405919456481934,0.565421142578125,NaN,NaN
41.8416666666667,0.406287930806478,0.565992202758789,NaN,NaN
41.85,0.406269709269206,0.56646598815918,NaN,NaN
41.8583333333333,0.406183954874675,0.566784057617187,NaN,NaN
41.8666666666667,0.406004765828451,0.567073287963867,NaN,NaN
41.875,0.405530573527018,0.567434005737305,NaN,NaN
41.8833333333333,0.405463549296061,0.567679138183594,NaN,NaN
41.8916666666667,0.40520336151123,0.568082809448242,NaN,NaN
41.9,0.405141932169596,0.568205947875977,NaN,NaN
41.9083333333333,0.405126241048177,0.56833854675293,NaN,NaN
41.9166666666667,0.405209019978841,0.568491363525391,NaN,NaN
41.925,0.405234502156576,0.568596038818359,NaN,NaN
41.9333333333333,0.405122311909993,0.568799362182617,NaN,NaN
41.9416666666667,0.405157483418782,0.568945465087891,NaN,NaN
41.95,0.405118535359701,0.569127197265625,NaN,NaN
41.9583333333333,0.405118535359701,0.569127197265625,NaN,NaN
41.9666666666667,0.404863573710124,0.569548416137695,NaN,NaN
41.975,0.404760462443034,0.569966583251953,NaN,NaN
41.9833333333333,0.404612325032552,0.570283355712891,NaN,NaN
41.9916666666667,0.404220911661784,0.570909957885742,NaN,NaN
42,0.404062792460124,0.571440124511719,NaN,NaN
42.0083333333333,0.403975702921549,0.571948013305664,NaN,NaN
42.0166666666667,0.403746795654297,0.5723193359375,NaN,NaN
42.025,0.403673540751139,0.572738800048828,NaN,NaN
42.0333333333333,0.403604227701823,0.573243713378906,NaN,NaN
42.0416666666667,0.403535957336426,0.57385627746582,NaN,NaN
42.05,0.403437436421712,0.574831771850586,NaN,NaN
42.0583333333333,0.403308868408203,0.575671920776367,NaN,NaN
42.0666666666667,0.403233362833659,0.576554565429688,NaN,NaN
42.075,0.403377062479655,0.577305145263672,NaN,NaN
42.0833333333333,0.403549664815267,0.577810974121094,NaN,NaN
42.0916666666667,0.403707224527995,0.578035278320312,NaN,NaN
42.1,0.403585205078125,0.577896575927734,NaN,NaN
42.1083333333333,0.40347599029541,0.577724533081055,NaN,NaN
42.1166666666667,0.403519795735677,0.577451858520508,NaN,NaN
42.125,0.403501625061035,0.577169036865234,NaN,NaN
42.1333333333333,0.403311233520508,0.576786575317383,NaN,NaN
42.1416666666667,0.403081588745117,0.576545867919922,NaN,NaN
42.15,0.402890218098958,0.576424789428711,NaN,NaN
42.1583333333333,0.402803192138672,0.576098785400391,NaN,NaN
42.1666666666667,0.402736727396647,0.575833282470703,NaN,NaN
42.175,0.402671394348144,0.575719223022461,NaN,NaN
42.1833333333333,0.402704925537109,0.575608978271484,NaN,NaN
42.1916666666667,0.40269100189209,0.575400238037109,NaN,NaN
42.2,0.402839075724284,0.575174789428711,NaN,NaN
42.2083333333333,0.402923876444499,0.575190277099609,NaN,NaN
42.2166666666667,0.402918370564779,0.575346450805664,NaN,NaN
42.225,0.403113797505697,0.575156021118164,NaN,NaN
42.2333333333333,0.403163693745931,0.574874649047852,NaN,NaN
42.2416666666667,0.403359285990397,0.574485321044922,NaN,NaN
42.25,0.403350639343262,0.574179840087891,NaN,NaN
42.2583333333333,0.403399403889974,0.573884201049805,NaN,NaN
42.2666666666667,0.403775507609049,0.573470611572266,NaN,NaN
42.275,0.404095369974772,0.573026962280273,NaN,NaN
42.2833333333333,0.404392674763997,0.572676620483398,NaN,NaN
42.2916666666667,0.404664370218913,0.572507476806641,NaN,NaN
42.3,0.404664370218913,0.572507476806641,NaN,NaN
42.3083333333333,0.405216534932454,0.572315826416016,NaN,NaN
42.3166666666667,0.405216534932454,0.572315826416016,NaN,NaN
42.325,0.405583610534668,0.57216194152832,NaN,NaN
42.3333333333333,0.405797068277995,0.571982498168945,NaN,NaN
42.3416666666667,0.406056861877441,0.57168701171875,NaN,NaN
42.35,0.406345227559408,0.571275787353516,NaN,NaN
42.3583333333333,0.406525522867838,0.570696411132813,NaN,NaN
42.3666666666667,0.404797630310059,0.568883209228516,NaN,NaN
42.375,0.403071683247884,0.566701202392578,NaN,NaN
42.3833333333333,0.402256329854329,0.565155029296875,NaN,NaN
42.3916666666667,0.401987660725912,0.564276809692383,NaN,NaN
42.4,0.402072817484538,0.563503189086914,NaN,NaN
42.4083333333333,0.402253405253092,0.563033218383789,NaN,NaN
42.4166666666667,0.403551750183105,0.563471984863281,NaN,NaN
42.425,0.406428387959798,0.566166076660156,NaN,NaN
42.4333333333333,0.40813730875651,0.568667831420898,NaN,NaN
42.4416666666667,0.409194869995117,0.569573059082031,NaN,NaN
42.45,0.409535064697266,0.569768524169922,NaN,NaN
42.4583333333333,0.409856669108073,0.569548568725586,NaN,NaN
42.4666666666667,0.410122197469076,0.569122467041016,NaN,NaN
42.475,0.410228907267253,0.568585968017578,NaN,NaN
42.4833333333333,0.410134391784668,0.568259506225586,NaN,NaN
42.4916666666667,0.410249888102214,0.568099975585938,NaN,NaN
42.5,0.410457331339518,0.568011779785156,NaN,NaN
42.5083333333333,0.410645039876302,0.567758331298828,NaN,NaN
42.5166666666667,0.410816955566406,0.567409591674805,NaN,NaN
42.525,0.410793126424154,0.567258605957031,NaN,NaN
42.5333333333333,0.410985476175944,0.567219543457031,NaN,NaN
42.5416666666667,0.411249249776204,0.56760986328125,NaN,NaN
42.55,0.411465822855631,0.568347930908203,NaN,NaN
42.5583333333333,0.411881535847982,0.569313354492188,NaN,NaN
42.5666666666667,0.412156003316244,0.570495758056641,NaN,NaN
42.575,0.412558199564616,0.571672134399414,NaN,NaN
42.5833333333333,0.413149185180664,0.572938690185547,NaN,NaN
42.5916666666667,0.413423945109049,0.574660110473633,NaN,NaN
42.6,0.41390017191569,0.576181182861328,NaN,NaN
42.6083333333333,0.414277331034342,0.577896423339844,NaN,NaN
42.6166666666667,0.414277331034342,0.577896423339844,NaN,NaN
42.625,0.415024299621582,0.579948959350586,NaN,NaN
42.6333333333333,0.415632286071777,0.581712341308594,NaN,NaN
42.6416666666667,0.416226565043131,0.583266143798828,NaN,NaN
42.65,0.41681812286377,0.584740676879883,NaN,NaN
42.6583333333333,0.417247314453125,0.586249465942383,NaN,NaN
42.6666666666667,0.417573623657227,0.587479248046875,NaN,NaN
42.675,0.417869936625163,0.588660278320313,NaN,NaN
42.6833333333333,0.418172365824381,0.589279937744141,NaN,NaN
42.6916666666667,0.418413378397624,0.589686508178711,NaN,NaN
42.7,0.418596216837565,0.58998405456543,NaN,NaN
42.7083333333333,0.418692537943522,0.590382995605469,NaN,NaN
42.7166666666667,0.418656514485677,0.590669326782227,NaN,NaN
42.725,0.418642832438151,0.590982894897461,NaN,NaN
42.7333333333333,0.41851006825765,0.591191329956055,NaN,NaN
42.7416666666667,0.418400561014811,0.59126335144043,NaN,NaN
42.75,0.418216298421224,0.591361083984375,NaN,NaN
42.7583333333333,0.418076998392741,0.591380462646484,NaN,NaN
42.7666666666667,0.417902018229167,0.591268157958984,NaN,NaN
42.775,0.417568003336589,0.591271209716797,NaN,NaN
42.7833333333333,0.41724235534668,0.59132438659668,NaN,NaN
42.7916666666667,0.416946449279785,0.591275405883789,NaN,NaN
42.8,0.416539217631022,0.591174926757813,NaN,NaN
42.8083333333333,0.416206499735514,0.591111221313477,NaN,NaN
42.8166666666667,0.415889167785645,0.590993957519531,NaN,NaN
42.825,0.415618426005046,0.5908935546875,NaN,NaN
42.8333333333333,0.415242691040039,0.590995483398437,NaN,NaN
42.8416666666667,0.415053253173828,0.591229095458984,NaN,NaN
42.85,0.414812037150065,0.591455917358398,NaN,NaN
42.8583333333333,0.414663403828939,0.591609649658203,NaN,NaN
42.8666666666667,0.414488881429037,0.591691360473633,NaN,NaN
42.875,0.414270528157552,0.591837921142578,NaN,NaN
42.8833333333333,0.414066314697266,0.592052459716797,NaN,NaN
42.8916666666667,0.413942400614421,0.592447662353516,NaN,NaN
42.9,0.413887125651042,0.592844772338867,NaN,NaN
42.9083333333333,0.413931083679199,0.593382110595703,NaN,NaN
42.9166666666667,0.41397829691569,0.593679809570313,NaN,NaN
42.925,0.414090309143066,0.594137649536133,NaN,NaN
42.9333333333333,0.41419807434082,0.594692001342773,NaN,NaN
42.9416666666667,0.414357401529948,0.595219116210937,NaN,NaN
42.95,0.414550819396973,0.595943145751953,NaN,NaN
42.9583333333333,0.41465513865153,0.596855926513672,NaN,NaN
42.9666666666667,0.414869283040365,0.597604293823242,NaN,NaN
42.975,0.415096740722656,0.598470001220703,NaN,NaN
42.9833333333333,0.415311686197917,0.599199066162109,NaN,NaN
42.9916666666667,0.415572217305501,0.599959945678711,NaN,NaN
43,0.415942459106445,0.600665893554688,NaN,NaN
43.0083333333333,0.416230061848958,0.601195449829102,NaN,NaN
43.0166666666667,0.416506360371908,0.601674957275391,NaN,NaN
43.025,0.416504859924316,0.601860656738281,NaN,NaN
43.0333333333333,0.413605715433757,0.601099319458008,NaN,NaN
43.0416666666667,0.412464663187663,0.601672210693359,NaN,NaN
43.05,0.412218500773112,0.602943115234375,NaN,NaN
43.0583333333333,0.412387402852376,0.604280624389648,NaN,NaN
43.0666666666667,0.412421582539876,0.604984741210937,NaN,NaN
43.075,0.412781715393066,0.605539321899414,NaN,NaN
43.0833333333333,0.413096923828125,0.606010971069336,NaN,NaN
43.0916666666667,0.413303184509277,0.606388778686523,NaN,NaN
43.1,0.413709233601888,0.606594085693359,NaN,NaN
43.1083333333333,0.413990262349447,0.606632080078125,NaN,NaN
43.1166666666667,0.414332936604818,0.606594467163086,NaN,NaN
43.125,0.414640922546387,0.606657257080078,NaN,NaN
43.1333333333333,0.414925702412923,0.606713104248047,NaN,NaN
43.1416666666667,0.415174369812012,0.607007293701172,NaN,NaN
43.15,0.415345420837402,0.607593536376953,NaN,NaN
43.1583333333333,0.415421282450358,0.608359680175781,NaN,NaN
43.1666666666667,0.415766169230143,0.609331512451172,NaN,NaN
43.175,0.41579709370931,0.610439987182617,NaN,NaN
43.1833333333333,0.415973269144694,0.611613922119141,NaN,NaN
43.1916666666667,0.416359202067057,0.61268669128418,NaN,NaN
43.2,0.416591657002767,0.613486328125,NaN,NaN
43.2083333333333,0.416938501993815,0.614229888916016,NaN,NaN
43.2166666666667,0.41733834584554,0.615065536499023,NaN,NaN
43.225,0.417563018798828,0.615872268676758,NaN,NaN
43.2333333333333,0.417738176981608,0.616715774536133,NaN,NaN
43.2416666666667,0.418302612304687,0.617635879516601,NaN,NaN
43.25,0.418878924051921,0.618357086181641,NaN,NaN
43.2583333333333,0.419223874409994,0.619050216674805,NaN,NaN
43.2666666666667,0.418737564086914,0.619459457397461,NaN,NaN
43.275,0.418717384338379,0.61921630859375,NaN,NaN
43.2833333333333,0.418829561869303,0.618397216796875,NaN,NaN
43.2916666666667,0.418726870218913,0.617384948730469,NaN,NaN
43.3,0.418350919087728,0.615907974243164,NaN,NaN
43.3083333333333,0.419064979553223,0.613876647949219,NaN,NaN
43.3166666666667,0.419388326009115,0.61133056640625,NaN,NaN
43.325,0.418821919759115,0.607530975341797,NaN,NaN
43.3333333333333,0.417942390441895,0.602111206054687,NaN,NaN
43.3416666666667,0.417906723022461,0.596093368530273,NaN,NaN
43.35,0.417463010152181,0.588542175292969,NaN,NaN
43.3583333333333,0.416625061035156,0.578376846313477,NaN,NaN
43.3666666666667,0.414548072814941,0.564074859619141,NaN,NaN
43.375,0.411663398742676,0.543548355102539,NaN,NaN
43.3833333333333,0.407475217183431,0.516584320068359,NaN,NaN
43.3916666666667,0.402219212849935,0.480982437133789,NaN,NaN
43.4,0.397747980753581,0.440919342041016,NaN,NaN
43.4083333333333,0.407173830668132,0.418758850097656,NaN,NaN
43.4166666666667,0.415897598266602,0.419005584716797,NaN,NaN
43.425,0.421095886230469,0.429523544311523,NaN,NaN
43.4333333333333,0.425814450581869,0.441482772827148,NaN,NaN
43.4416666666667,0.430482368469238,0.455411071777344,NaN,NaN
43.45,0.436652997334798,0.473831405639648,NaN,NaN
43.4583333333333,0.443501955668131,0.498529357910156,NaN,NaN
43.4666666666667,0.452165387471517,0.526652221679688,NaN,NaN
43.475,0.461146558125814,0.551313552856445,NaN,NaN
43.4833333333333,0.469452985127767,0.564958114624023,NaN,NaN
43.4916666666667,0.475417861938477,0.56980598449707,NaN,NaN
43.5,0.479219487508138,0.570722503662109,NaN,NaN
43.5083333333333,0.481832046508789,0.569877014160156,NaN,NaN
43.5166666666667,0.48430783589681,0.568154296875,NaN,NaN
43.525,0.486969998677572,0.565998916625977,NaN,NaN
43.5333333333333,0.489260508219401,0.563838043212891,NaN,NaN
43.5416666666667,0.491409568786621,0.561471176147461,NaN,NaN
43.55,0.493138542175293,0.559279937744141,NaN,NaN
43.5583333333333,0.493138542175293,0.559279937744141,NaN,NaN
43.5666666666667,0.494928894042969,0.557339782714844,NaN,NaN
43.575,0.496799952189128,0.555762557983398,NaN,NaN
43.5833333333333,0.498710797627767,0.553943634033203,NaN,NaN
43.5916666666667,0.500185470581055,0.55256950378418,NaN,NaN
43.6,0.501444193522135,0.550658264160156,NaN,NaN
43.6083333333333,0.502523867289225,0.549094314575195,NaN,NaN
43.6166666666667,0.50350445429484,0.547252502441406,NaN,NaN
43.625,0.504988530476888,0.545342102050781,NaN,NaN
43.6333333333333,0.506278444925944,0.543951187133789,NaN,NaN
43.6416666666667,0.50753178914388,0.542690734863281,NaN,NaN
43.65,0.508831958770752,0.541688690185547,NaN,NaN
43.6583333333333,0.510098336537679,0.540862731933594,NaN,NaN
43.6666666666667,0.511053733825684,0.540228805541992,NaN,NaN
43.675,0.512018127441406,0.539971313476562,NaN,NaN
43.6833333333333,0.512609418233236,0.540087661743164,NaN,NaN
43.6916666666667,0.513418718973796,0.54017333984375,NaN,NaN
43.7,0.514251613616943,0.540187225341797,NaN,NaN
43.7083333333333,0.514976088205973,0.540499954223633,NaN,NaN
43.7166666666667,0.515331395467122,0.541348724365234,NaN,NaN
43.725,0.515507030487061,0.54215690612793,NaN,NaN
43.7333333333333,0.515870952606201,0.542886734008789,NaN,NaN
43.7416666666667,0.506544914245605,0.534605178833008,NaN,NaN
43.75,0.512100734710693,0.539109420776367,NaN,NaN
43.7583333333333,0.501396973927816,0.528781356811523,NaN,NaN
43.7666666666667,0.509872875213623,0.537866516113281,NaN,NaN
43.775,0.499898173014323,0.528397903442383,NaN,NaN
43.7833333333333,0.509199988047282,0.53844841003418,NaN,NaN
43.7916666666667,0.512109680175781,0.545061416625977,NaN,NaN
43.8,0.514858989715576,0.549655380249023,NaN,NaN
43.8083333333333,0.516407960255941,0.552672882080078,NaN,NaN
43.8166666666667,0.516855068206787,0.55455680847168,NaN,NaN
43.825,0.517085329691569,0.555392303466797,NaN,NaN
43.8333333333333,0.517440490722656,0.555924987792969,NaN,NaN
43.8416666666667,0.517699451446533,0.556182479858398,NaN,NaN
43.85,0.518089389801025,0.556231384277344,NaN,NaN
43.8583333333333,0.518232453664144,0.556210021972656,NaN,NaN
43.8666666666667,0.518830788930257,0.556104736328125,NaN,NaN
43.875,0.518830788930257,0.556104736328125,NaN,NaN
43.8833333333333,0.519419148763021,0.555895004272461,NaN,NaN
43.8916666666667,0.516560624440511,0.552632369995117,NaN,NaN
43.9,0.518491719563802,0.55308723449707,NaN,NaN
43.9083333333333,0.517523104349772,0.551386642456055,NaN,NaN
43.9166666666667,0.510352948506673,0.542738189697266,NaN,NaN
43.925,0.505251216888428,0.534144287109375,NaN,NaN
43.9333333333333,0.500359662373861,0.523987350463867,NaN,NaN
43.9416666666667,0.494774856567383,0.510454330444336,NaN,NaN
43.95,0.490702540079753,0.495764312744141,NaN,NaN
43.9583333333333,0.486739870707194,0.478905639648437,NaN,NaN
43.9666666666667,0.4821369043986,0.456164855957031,NaN,NaN
43.975,0.477087809244792,0.428592224121094,NaN,NaN
43.9833333333333,0.471845842997233,0.396520004272461,NaN,NaN
43.9916666666667,0.467993812561035,0.365289306640625,NaN,NaN
44,0.468180198669434,0.337946548461914,NaN,NaN
44.0083333333333,0.47854300181071,0.340508346557617,NaN,NaN
44.0166666666667,0.480722071329753,0.354711456298828,NaN,NaN
44.025,0.481355145772298,0.377421875,NaN,NaN
44.0333333333333,0.482501792907715,0.403687133789063,NaN,NaN
44.0416666666667,0.485491218566895,0.436145248413086,NaN,NaN
44.05,0.489278895060221,0.470423812866211,NaN,NaN
44.0583333333333,0.493928489685059,0.50176399230957,NaN,NaN
44.0666666666667,0.497967185974121,0.520366516113281,NaN,NaN
44.075,0.500828119913737,0.528527374267578,NaN,NaN
44.0833333333333,0.502179228464762,0.531738967895508,NaN,NaN
44.0916666666667,0.501645418802897,0.532449340820312,NaN,NaN
44.1,0.501208902994792,0.532675247192383,NaN,NaN
44.1083333333333,0.501023419698079,0.532483978271484,NaN,NaN
44.1166666666667,0.500252685546875,0.531935729980469,NaN,NaN
44.125,0.499112739562988,0.53086784362793,NaN,NaN
44.1333333333333,0.497762616475423,0.529910430908203,NaN,NaN
44.1416666666667,0.496665992736816,0.528965835571289,NaN,NaN
44.15,0.495807151794434,0.527965087890625,NaN,NaN
44.1583333333333,0.49498462677002,0.52690788269043,NaN,NaN
44.1666666666667,0.494088020324707,0.525954055786133,NaN,NaN
44.175,0.493133366902669,0.524801940917969,NaN,NaN
44.1833333333333,0.492341423034668,0.523112106323242,NaN,NaN
44.1916666666667,0.49173344930013,0.521531066894531,NaN,NaN
44.2,0.491229680379232,0.52013557434082,NaN,NaN
44.2083333333333,0.490555559794108,0.518697204589844,NaN,NaN
44.2166666666667,0.490555559794108,0.518697204589844,NaN,NaN
44.225,0.489870338439941,0.517261657714844,NaN,NaN
44.2333333333333,0.489311243693034,0.515583114624024,NaN,NaN
44.2416666666667,0.48908088684082,0.514142532348633,NaN,NaN
44.25,0.48896656036377,0.513152923583984,NaN,NaN
44.2583333333333,0.488864377339681,0.512301025390625,NaN,NaN
44.2666666666667,0.488542505900065,0.511602249145508,NaN,NaN
44.275,0.488544069925944,0.510860290527344,NaN,NaN
44.2833333333333,0.488490473429362,0.509917221069336,NaN,NaN
44.2916666666667,0.48854544321696,0.509013977050781,NaN,NaN
44.3,0.488461952209473,0.508236999511719,NaN,NaN
44.3083333333333,0.488450978597005,0.507452011108398,NaN,NaN
44.3166666666667,0.488165232340495,0.506699371337891,NaN,NaN
44.325,0.48812307993571,0.505789947509766,NaN,NaN
44.3333333333333,0.488080685933431,0.504823989868164,NaN,NaN
44.3416666666667,0.487904955546061,0.50398551940918,NaN,NaN
44.35,0.48783457438151,0.503238296508789,NaN,NaN
44.3583333333333,0.487743263244629,0.502612762451172,NaN,NaN
44.3666666666667,0.48750612894694,0.501860275268555,NaN,NaN
44.375,0.487442461649577,0.501087417602539,NaN,NaN
44.3833333333333,0.487489535013835,0.500644912719727,NaN,NaN
44.3916666666667,0.487362963358561,0.500142822265625,NaN,NaN
44.4,0.48713446299235,0.499527816772461,NaN,NaN
44.4083333333333,0.487034149169922,0.498846969604492,NaN,NaN
44.4166666666667,0.48679012298584,0.498481292724609,NaN,NaN
44.425,0.486396255493164,0.498253173828125,NaN,NaN
44.4333333333333,0.486075820922852,0.497800979614258,NaN,NaN
44.4416666666667,0.485892435709635,0.497396469116211,NaN,NaN
44.45,0.485739542643229,0.497255859375,NaN,NaN
44.4583333333333,0.485431213378906,0.497068939208984,NaN,NaN
44.4666666666667,0.485154558817546,0.496941375732422,NaN,NaN
44.475,0.484899139404297,0.496597137451172,NaN,NaN
44.4833333333333,0.484577789306641,0.496423416137695,NaN,NaN
44.4916666666667,0.484012692769369,0.495859832763672,NaN,NaN
44.5,0.483473052978516,0.495212326049805,NaN,NaN
44.5083333333333,0.483017094930013,0.494541778564453,NaN,NaN
44.5166666666667,0.482629216512044,0.493934326171875,NaN,NaN
44.525,0.482341232299805,0.493234558105469,NaN,NaN
44.5333333333333,0.482094751993815,0.492431716918945,NaN,NaN
44.5416666666667,0.481830749511719,0.491718978881836,NaN,NaN
44.55,0.481485392252604,0.491117553710937,NaN,NaN
44.5583333333333,0.481085344950358,0.490323486328125,NaN,NaN
44.5666666666667,0.481085344950358,0.490323486328125,NaN,NaN
44.575,0.48047976175944,0.489948272705078,NaN,NaN
44.5833333333333,0.479766654968262,0.489733428955078,NaN,NaN
44.5916666666667,0.479215189615885,0.489379959106445,NaN,NaN
44.6,0.478543891906738,0.489004821777344,NaN,NaN
44.6083333333333,0.477892608642578,0.48880485534668,NaN,NaN
44.6166666666667,0.470826466878255,0.484772033691406,NaN,NaN
44.625,0.464223302205404,0.476957855224609,NaN,NaN
44.6333333333333,0.460212249755859,0.471085357666016,NaN,NaN
44.6416666666667,0.456959597269694,0.465964584350586,NaN,NaN
44.65,0.454565124511719,0.462178649902344,NaN,NaN
44.6583333333333,0.452783139546712,0.459103622436523,NaN,NaN
44.6666666666667,0.45109193166097,0.456972122192383,NaN,NaN
44.675,0.449170977274577,0.455318603515625,NaN,NaN
44.6833333333333,0.448186403910319,0.454682235717773,NaN,NaN
44.6916666666667,0.447569847106934,0.454406509399414,NaN,NaN
44.7,0.446805877685547,0.453551940917969,NaN,NaN
44.7083333333333,0.44594113667806,0.45203369140625,NaN,NaN
44.7166666666667,0.445185966491699,0.450631637573242,NaN,NaN
44.725,0.444579760233561,0.448857192993164,NaN,NaN
44.7333333333333,0.444214045206706,0.44742057800293,NaN,NaN
44.7416666666667,0.444030227661133,0.445910186767578,NaN,NaN
44.75,0.443918240865072,0.444985885620117,NaN,NaN
44.7583333333333,0.444127057393392,0.444065856933594,NaN,NaN
44.7666666666667,0.443829116821289,0.443007354736328,NaN,NaN
44.775,0.443469886779785,0.441722717285156,NaN,NaN
44.7833333333333,0.443243993123372,0.441350479125977,NaN,NaN
44.7916666666667,0.443446667989095,0.441045837402344,NaN,NaN
44.8,0.443731625874837,0.440698089599609,NaN,NaN
44.8083333333333,0.443618189493815,0.439819869995117,NaN,NaN
44.8166666666667,0.44424508412679,0.439397277832031,NaN,NaN
44.825,0.444352785746257,0.438376998901367,NaN,NaN
44.8333333333333,0.444536221822103,0.437633895874023,NaN,NaN
44.8416666666667,0.444766489664714,0.436433029174805,NaN,NaN
44.85,0.445651041666667,0.436191787719727,NaN,NaN
44.8583333333333,0.446533012390137,0.435896911621094,NaN,NaN
44.8666666666667,0.447140108744303,0.435519027709961,NaN,NaN
44.875,0.447815348307292,0.435004196166992,NaN,NaN
44.8833333333333,0.448431917826335,0.434692306518555,NaN,NaN
44.8916666666667,0.449024976094564,0.434317779541016,NaN,NaN
44.9,0.449330215454102,0.433812103271484,NaN,NaN
44.9083333333333,0.449669100443522,0.433318099975586,NaN,NaN
44.9166666666667,0.450068105061849,0.432893218994141,NaN,NaN
44.925,0.450593910217285,0.432583312988281,NaN,NaN
44.9333333333333,0.451019070943197,0.43241943359375,NaN,NaN
44.9416666666667,0.462724622090658,0.439386444091797,NaN,NaN
44.95,0.458075993855794,0.437688446044922,NaN,NaN
44.9583333333333,0.465490277608236,0.442490539550781,NaN,NaN
44.9666666666667,0.46054936726888,0.4394775390625,NaN,NaN
44.975,0.467913246154785,0.444596786499024,NaN,NaN
44.9833333333333,0.470207659403483,0.448251800537109,NaN,NaN
44.9916666666667,0.471797472635905,0.450522308349609,NaN,NaN
45,0.472933222452799,0.451476287841797,NaN,NaN
45.0083333333333,0.473540725708008,0.452252349853516,NaN,NaN
45.0166666666667,0.473730379740397,0.453094787597656,NaN,NaN
45.025,0.4743097559611,0.453489303588867,NaN,NaN
45.0333333333333,0.474869791666667,0.454115600585937,NaN,NaN
45.0416666666667,0.475372301737467,0.45486572265625,NaN,NaN
45.05,0.475728721618652,0.455810394287109,NaN,NaN
45.0583333333333,0.47589714050293,0.456715240478516,NaN,NaN
45.0666666666667,0.476230901082357,0.457576751708984,NaN,NaN
45.075,0.476378084818522,0.458454666137695,NaN,NaN
45.0833333333333,0.476544850667318,0.459354553222656,NaN,NaN
45.0916666666667,0.476791776021322,0.460435485839844,NaN,NaN
45.1,0.477019475301107,0.461521148681641,NaN,NaN
45.1083333333333,0.477305107116699,0.462604293823242,NaN,NaN
45.1166666666667,0.477676696777344,0.463411407470703,NaN,NaN
45.125,0.478033269246419,0.464061279296875,NaN,NaN
45.1333333333333,0.478717994689941,0.464449920654297,NaN,NaN
45.1416666666667,0.479146614074707,0.464641723632813,NaN,NaN
45.15,0.479289105733236,0.464749221801758,NaN,NaN
45.1583333333333,0.479137496948242,0.464892272949219,NaN,NaN
45.1666666666667,0.479446169535319,0.464843292236328,NaN,NaN
45.175,0.479635467529297,0.464718780517578,NaN,NaN
45.1833333333333,0.479628639221191,0.464488220214844,NaN,NaN
45.1916666666667,0.479837290445963,0.464080200195312,NaN,NaN
45.2,0.47997792561849,0.463494491577148,NaN,NaN
45.2083333333333,0.479893315633138,0.462926025390625,NaN,NaN
45.2166666666667,0.479838091532389,0.46226806640625,NaN,NaN
45.225,0.479722175598145,0.461509399414063,NaN,NaN
45.2333333333333,0.479441184997559,0.461057052612305,NaN,NaN
45.2416666666667,0.479560114542643,0.460447006225586,NaN,NaN
45.25,0.479181493123372,0.459606475830078,NaN,NaN
45.2583333333333,0.478835945129395,0.458759231567383,NaN,NaN
45.2666666666667,0.478613878885905,0.457822723388672,NaN,NaN
45.275,0.478489774068197,0.456931381225586,NaN,NaN
45.2833333333333,0.47841849009196,0.456300888061524,NaN,NaN
45.2916666666667,0.478211822509766,0.4556005859375,NaN,NaN
45.3,0.478252271016439,0.454836883544922,NaN,NaN
45.3083333333333,0.478172467549642,0.454277267456055,NaN,NaN
45.3166666666667,0.478247858683268,0.45383186340332,NaN,NaN
45.325,0.478331095377604,0.453552169799805,NaN,NaN
45.3333333333333,0.478281936645508,0.453198471069336,NaN,NaN
45.3416666666667,0.477948087056478,0.453121566772461,NaN,NaN
45.35,0.47753896077474,0.453184585571289,NaN,NaN
45.3583333333333,0.477417475382487,0.453440551757813,NaN,NaN
45.3666666666667,0.477562115987142,0.453652496337891,NaN,NaN
45.375,0.477670567830404,0.453923645019531,NaN,NaN
45.3833333333333,0.477829844156901,0.454092788696289,NaN,NaN
45.3916666666667,0.477213490804037,0.454267654418945,NaN,NaN
45.4,0.477278315226237,0.454573822021484,NaN,NaN
45.4083333333333,0.477407671610514,0.454951400756836,NaN,NaN
45.4166666666667,0.477714144388835,0.455293960571289,NaN,NaN
45.425,0.478149439493815,0.45559196472168,NaN,NaN
45.4333333333333,0.478611081441244,0.455985488891602,NaN,NaN
45.4416666666667,0.47902904510498,0.45623176574707,NaN,NaN
45.45,0.479333101908366,0.456473846435547,NaN,NaN
45.4583333333333,0.479326909383138,0.456848602294922,NaN,NaN
45.4666666666667,0.479462636311849,0.457165679931641,NaN,NaN
45.475,0.479768905639648,0.457680282592773,NaN,NaN
45.4833333333333,0.480343373616536,0.458126220703125,NaN,NaN
45.4916666666667,0.480799242655436,0.458331680297852,NaN,NaN
45.5,0.4813445409139,0.458552169799805,NaN,NaN
45.5083333333333,0.482097969055176,0.458508529663086,NaN,NaN
45.5166666666667,0.482454249064128,0.458487777709961,NaN,NaN
45.525,0.482900644938151,0.458232498168945,NaN,NaN
45.5333333333333,0.483386599222819,0.457658157348633,NaN,NaN
45.5416666666667,0.474560076395671,0.449732666015625,NaN,NaN
45.55,0.480875752766927,0.451270294189453,NaN,NaN
45.5583333333333,0.474512875874837,0.446507720947266,NaN,NaN
45.5666666666667,0.481455039978027,0.449681854248047,NaN,NaN
45.575,0.474988199869792,0.444626312255859,NaN,NaN
45.5833333333333,0.482027219136556,0.447786331176758,NaN,NaN
45.5916666666667,0.482027219136556,0.447786331176758,NaN,NaN
45.6,0.483311920166016,0.44583251953125,NaN,NaN
45.6083333333333,0.486976445515951,0.447227020263672,NaN,NaN
45.6166666666667,0.4890363184611,0.447521133422852,NaN,NaN
45.625,0.490270805358887,0.446912994384766,NaN,NaN
45.6333333333333,0.490270805358887,0.446912994384766,NaN,NaN
45.6416666666667,0.491907170613607,0.445835876464844,NaN,NaN
45.65,0.493340543111165,0.444330139160156,NaN,NaN
45.6583333333333,0.494660135904948,0.442737503051758,NaN,NaN
45.6666666666667,0.495936965942383,0.441085815429688,NaN,NaN
45.675,0.497305501302083,0.439183044433594,NaN,NaN
45.6833333333333,0.499003791809082,0.437387084960937,NaN,NaN
45.6916666666667,0.500696042378744,0.435578689575195,NaN,NaN
45.7,0.500696042378744,0.435578689575195,NaN,NaN
45.7083333333333,0.504281749725342,0.432001342773437,NaN,NaN
45.7166666666667,0.507133814493815,0.429188690185547,NaN,NaN
45.725,0.509485340118408,0.426866989135742,NaN,NaN
45.7333333333333,0.511959501902262,0.424827423095703,NaN,NaN
45.7416666666667,0.514015661875407,0.422921905517578,NaN,NaN
45.75,0.516101722717285,0.421197052001953,NaN,NaN
45.7583333333333,0.516101722717285,0.421197052001953,NaN,NaN
45.7666666666667,0.520552304585775,0.41947509765625,NaN,NaN
45.775,0.523985481262207,0.418130340576172,NaN,NaN
45.7833333333333,0.526861578623454,0.416920928955078,NaN,NaN
45.7916666666667,0.529542369842529,0.415451202392578,NaN,NaN
45.8,0.532406406402588,0.414258499145508,NaN,NaN
45.8083333333333,0.534794673919678,0.413175201416016,NaN,NaN
45.8166666666667,0.537138201395671,0.41204704284668,NaN,NaN
45.825,0.539504553476969,0.410748291015625,NaN,NaN
45.8333333333333,0.541918970743815,0.409494094848633,NaN,NaN
45.8416666666667,0.541918970743815,0.409494094848633,NaN,NaN
45.85,0.544248790740967,0.408107223510742,NaN,NaN
45.8583333333333,0.548848120371501,0.40490348815918,NaN,NaN
45.8666666666667,0.552351214090983,0.402660751342773,NaN,NaN
45.875,0.555127404530843,0.400984573364258,NaN,NaN
45.8833333333333,0.557510426839193,0.399488525390625,NaN,NaN
45.8916666666667,0.559605331420898,0.397954406738281,NaN,NaN
45.9,0.561622969309489,0.39630744934082,NaN,NaN
45.9083333333333,0.563471082051595,0.394775085449219,NaN,NaN
45.9166666666667,0.565352853139242,0.393252334594727,NaN,NaN
45.925,0.567192815144857,0.391728210449219,NaN,NaN
45.9333333333333,0.56910146077474,0.389916839599609,NaN,NaN
45.9416666666667,0.570327142079671,0.388202667236328,NaN,NaN
45.95,0.570327142079671,0.388202667236328,NaN,NaN
45.9583333333333,0.572085927327474,0.386252212524414,NaN,NaN
45.9666666666667,0.573888651529948,0.383918762207031,NaN,NaN
45.975,0.575386301676432,0.381846542358398,NaN,NaN
45.9833333333333,0.577004470825195,0.379654312133789,NaN,NaN
45.9916666666667,0.577994372049967,0.377667388916016,NaN,NaN
46,0.578618367513021,0.376135559082031,NaN,NaN
46.0083333333333,0.579176667531331,0.374575042724609,NaN,NaN
46.0166666666667,0.579805825551351,0.373293304443359,NaN,NaN
46.025,0.58035878499349,0.372199859619141,NaN,NaN
46.0333333333333,0.580817788441976,0.371100311279297,NaN,NaN
46.0416666666667,0.58127539952596,0.370058364868164,NaN,NaN
46.05,0.581675669352214,0.36944091796875,NaN,NaN
46.0583333333333,0.581675669352214,0.36944091796875,NaN,NaN
46.0666666666667,0.581827354431152,0.36890251159668,NaN,NaN
46.075,0.581832211812337,0.368392639160156,NaN,NaN
46.0833333333333,0.581435724894206,0.367621688842773,NaN,NaN
46.0916666666667,0.581071357727051,0.366770782470703,NaN,NaN
46.1,0.580723050435384,0.366070938110351,NaN,NaN
46.1083333333333,0.580292485555013,0.365482406616211,NaN,NaN
46.1166666666667,0.579853127797445,0.364959487915039,NaN,NaN
46.125,0.579239285786947,0.364529800415039,NaN,NaN
46.1333333333333,0.578356234232585,0.364664535522461,NaN,NaN
46.1416666666667,0.577556133270264,0.364624328613281,NaN,NaN
46.15,0.576770464579264,0.364521102905273,NaN,NaN
46.1583333333333,0.575676205952962,0.364706497192383,NaN,NaN
46.1666666666667,0.575676205952962,0.364706497192383,NaN,NaN
46.175,0.574458688100179,0.364904174804688,NaN,NaN
46.1833333333333,0.573296019236247,0.364965133666992,NaN,NaN
46.1916666666667,0.566312154134115,0.364641571044922,NaN,NaN
46.2,0.562990627288818,0.36229362487793,NaN,NaN
46.2083333333333,0.560699119567871,0.360140762329102,NaN,NaN
46.2166666666667,0.55879877726237,0.358958358764648,NaN,NaN
46.225,0.557384503682454,0.358768920898437,NaN,NaN
46.2333333333333,0.555920448303223,0.358773574829102,NaN,NaN
46.2416666666667,0.554852040608724,0.359101943969727,NaN,NaN
46.25,0.554852040608724,0.359101943969727,NaN,NaN
46.2583333333333,0.55316109975179,0.359640884399414,NaN,NaN
46.2666666666667,0.551798286437988,0.36000602722168,NaN,NaN
46.275,0.550466314951579,0.360263595581055,NaN,NaN
46.2833333333333,0.549128087361654,0.360625457763672,NaN,NaN
46.2916666666667,0.548150049845378,0.360892868041992,NaN,NaN
46.3,0.547394638061523,0.361495819091797,NaN,NaN
46.3083333333333,0.546567579905192,0.362024917602539,NaN,NaN
46.3166666666667,0.545868848164876,0.362566375732422,NaN,NaN
46.325,0.545493863423665,0.363312606811523,NaN,NaN
46.3333333333333,0.545275084177653,0.363968658447266,NaN,NaN
46.3416666666667,0.544950002034505,0.364507751464844,NaN,NaN
46.35,0.544748185475667,0.364849624633789,NaN,NaN
46.3583333333333,0.544592157999675,0.365318450927734,NaN,NaN
46.3666666666667,0.544592157999675,0.365318450927734,NaN,NaN
46.375,0.544552001953125,0.365676345825195,NaN,NaN
46.3833333333333,0.544415918986003,0.365939636230469,NaN,NaN
46.3916666666667,0.544045174916585,0.366078567504883,NaN,NaN
46.4,0.544248580932617,0.366470718383789,NaN,NaN
46.4083333333333,0.544375464121501,0.366808319091797,NaN,NaN
46.4166666666667,0.544641825358073,0.367279815673828,NaN,NaN
46.425,0.544711856842041,0.367814559936524,NaN,NaN
46.4333333333333,0.544737466176351,0.368415298461914,NaN,NaN
46.4416666666667,0.545017407735189,0.368880844116211,NaN,NaN
46.45,0.545091609954834,0.369503936767578,NaN,NaN
46.4583333333333,0.545242201487223,0.36981315612793,NaN,NaN
46.4666666666667,0.545371011098226,0.370076599121094,NaN,NaN
46.475,0.545423336029053,0.37049919128418,NaN,NaN
46.4833333333333,0.545292580922445,0.371010665893555,NaN,NaN
46.4916666666667,0.54548770904541,0.371460723876953,NaN,NaN
46.5,0.545646553039551,0.371826248168945,NaN,NaN
46.5083333333333,0.54563543955485,0.372071838378906,NaN,NaN
46.5166666666667,0.545562534332275,0.372324676513672,NaN,NaN
46.525,0.54556739171346,0.372403411865234,NaN,NaN
46.5333333333333,0.545811882019043,0.372558059692383,NaN,NaN
46.5416666666667,0.552846412658691,0.377907104492187,NaN,NaN
46.55,0.550366331736247,0.375071029663086,NaN,NaN
46.5583333333333,0.554482345581055,0.378368911743164,NaN,NaN
46.5666666666667,0.556990343729655,0.380392990112305,NaN,NaN
46.575,0.557671534220378,0.381479034423828,NaN,NaN
46.5833333333333,0.558445091247559,0.381425857543945,NaN,NaN
46.5916666666667,0.558661231994629,0.381523132324219,NaN,NaN
46.6,0.55917475382487,0.381869812011719,NaN,NaN
46.6083333333333,0.559212093353271,0.382085266113281,NaN,NaN
46.6166666666667,0.559500439961751,0.382147903442383,NaN,NaN
46.625,0.559940236409505,0.382266616821289,NaN,NaN
46.6333333333333,0.560316276550293,0.382312545776367,NaN,NaN
46.6416666666667,0.560701751708984,0.382721557617188,NaN,NaN
46.65,0.560984522501628,0.383031387329102,NaN,NaN
46.6583333333333,0.561479632059733,0.383279876708984,NaN,NaN
46.6666666666667,0.561977456410726,0.383544158935547,NaN,NaN
46.675,0.562550557454427,0.383841857910156,NaN,NaN
46.6833333333333,0.56289665222168,0.384037628173828,NaN,NaN
46.6916666666667,0.563262049357096,0.384087448120117,NaN,NaN
46.7,0.563855972290039,0.384038162231445,NaN,NaN
46.7083333333333,0.564354070027669,0.38421028137207,NaN,NaN
46.7166666666667,0.564944966634115,0.384386672973633,NaN,NaN
46.725,0.565327161153158,0.384857406616211,NaN,NaN
46.7333333333333,0.565622901916504,0.385104064941406,NaN,NaN
46.7416666666667,0.566000607808431,0.385174255371094,NaN,NaN
46.75,0.566395174662272,0.385166397094727,NaN,NaN
46.7583333333333,0.566618970235189,0.385321350097656,NaN,NaN
46.7666666666667,0.566866950988769,0.38551139831543,NaN,NaN
46.775,0.567257715861003,0.385663452148437,NaN,NaN
46.7833333333333,0.567640724182129,0.386120376586914,NaN,NaN
46.7916666666667,0.567860692342122,0.386493911743164,NaN,NaN
46.8,0.568064969380697,0.386981201171875,NaN,NaN
46.8083333333333,0.568297843933105,0.387647171020508,NaN,NaN
46.8166666666667,0.568455657958984,0.388040771484375,NaN,NaN
46.825,0.568649113972982,0.388476104736328,NaN,NaN
46.8333333333333,0.56899907430013,0.388962783813477,NaN,NaN
46.8416666666667,0.569514516194661,0.389227600097656,NaN,NaN
46.85,0.570407435099284,0.389591064453125,NaN,NaN
46.8583333333333,0.571460914611816,0.389853744506836,NaN,NaN
46.8666666666667,0.572228215535482,0.390146255493164,NaN,NaN
46.875,0.573053944905599,0.390221786499023,NaN,NaN
46.8833333333333,0.573906097412109,0.390633087158203,NaN,NaN
46.8916666666667,0.57456595102946,0.390840682983399,NaN,NaN
46.9,0.57506586710612,0.391120529174805,NaN,NaN
46.9083333333333,0.5752676709493,0.391560134887695,NaN,NaN
46.9166666666667,0.575839932759603,0.392095031738281,NaN,NaN
46.925,0.576433868408203,0.392614974975586,NaN,NaN
46.9333333333333,0.576958821614583,0.393225479125977,NaN,NaN
46.9416666666667,0.577659022013346,0.393666458129883,NaN,NaN
46.95,0.578398895263672,0.393977737426758,NaN,NaN
46.9583333333333,0.579284706115723,0.394214324951172,NaN,NaN
46.9666666666667,0.58021115620931,0.394310150146484,NaN,NaN
46.975,0.581197306315104,0.394499359130859,NaN,NaN
46.9833333333333,0.582277978261312,0.39465217590332,NaN,NaN
46.9916666666667,0.582845497131348,0.394761581420899,NaN,NaN
47,0.583911972045898,0.394825897216797,NaN,NaN
47.0083333333333,0.584971593221029,0.39505500793457,NaN,NaN
47.0166666666667,0.586000912984212,0.395186614990234,NaN,NaN
47.025,0.587020352681478,0.395539932250977,NaN,NaN
47.0333333333333,0.588028259277344,0.395990829467773,NaN,NaN
47.0416666666667,0.588928553263346,0.396768035888672,NaN,NaN
47.05,0.590077495574951,0.397335815429688,NaN,NaN
47.0583333333333,0.591237996419271,0.398076782226563,NaN,NaN
47.0666666666667,0.592314987182617,0.398465576171875,NaN,NaN
47.075,0.593307050069173,0.398845672607422,NaN,NaN
47.0833333333333,0.594378369649251,0.399237060546875,NaN,NaN
47.0916666666667,0.595350996653239,0.399381790161133,NaN,NaN
47.1,0.596341845194499,0.399631881713867,NaN,NaN
47.1083333333333,0.596986172993978,0.399948043823242,NaN,NaN
47.1166666666667,0.597923151652018,0.400269927978516,NaN,NaN
47.125,0.598793029785156,0.400547332763672,NaN,NaN
47.1333333333333,0.599664217631022,0.400689086914062,NaN,NaN
47.1416666666667,0.593937447865804,0.395845489501953,NaN,NaN
47.15,0.597910327911377,0.399862518310547,NaN,NaN
47.1583333333333,0.59467129389445,0.395643615722656,NaN,NaN
47.1666666666667,0.59841775894165,0.400308532714844,NaN,NaN
47.175,0.600937824249268,0.403138885498047,NaN,NaN
47.1833333333333,0.602720623016357,0.405055923461914,NaN,NaN
47.1916666666667,0.603849595387777,0.406421432495117,NaN,NaN
47.2,0.604396241505941,0.407116394042969,NaN,NaN
47.2083333333333,0.604972070058187,0.407515029907226,NaN,NaN
47.2166666666667,0.605287475585938,0.407763366699219,NaN,NaN
47.225,0.605532398223877,0.408002319335937,NaN,NaN
47.2333333333333,0.605697352091471,0.407946624755859,NaN,NaN
47.2416666666667,0.605491504669189,0.408218765258789,NaN,NaN
47.25,0.605522727966309,0.408555145263672,NaN,NaN
47.2583333333333,0.60575798034668,0.409117813110352,NaN,NaN
47.2666666666667,0.60603276570638,0.409858779907227,NaN,NaN
47.275,0.60625555674235,0.410620880126953,NaN,NaN
47.2833333333333,0.606163724263509,0.411392364501953,NaN,NaN
47.2916666666667,0.606264190673828,0.412510299682617,NaN,NaN
47.3,0.606480318705241,0.413630981445313,NaN,NaN
47.3083333333333,0.606480318705241,0.413630981445313,NaN,NaN
47.3166666666667,0.60657262802124,0.414802322387695,NaN,NaN
47.325,0.606177037556966,0.417032699584961,NaN,NaN
47.3333333333333,0.606462198893229,0.418249206542969,NaN,NaN
47.3416666666667,0.606462198893229,0.418249206542969,NaN,NaN
47.35,0.606689097086589,0.419305267333984,NaN,NaN
47.3583333333333,0.606783345540365,0.420682373046875,NaN,NaN
47.3666666666667,0.606659393310547,0.422560043334961,NaN,NaN
47.375,0.606786918640137,0.424200134277344,NaN,NaN
47.3833333333333,0.606468524932861,0.425923233032227,NaN,NaN
47.3916666666667,0.606254844665527,0.427191314697266,NaN,NaN
47.4,0.605829277038574,0.428738327026367,NaN,NaN
47.4083333333333,0.605189762115478,0.429902267456055,NaN,NaN
47.4166666666667,0.604671586354574,0.431494293212891,NaN,NaN
47.425,0.604081745147705,0.433192825317383,NaN,NaN
47.4333333333333,0.603304087320964,0.435432815551758,NaN,NaN
47.4416666666667,0.602494201660156,0.437882766723633,NaN,NaN
47.45,0.601739654541016,0.44025032043457,NaN,NaN
47.4583333333333,0.600737571716309,0.442983322143555,NaN,NaN
47.4666666666667,0.600737571716309,0.442983322143555,NaN,NaN
47.475,0.598518759409587,0.448705596923828,NaN,NaN
47.4833333333333,0.596945209503174,0.453956069946289,NaN,NaN
47.4916666666667,0.595835329691569,0.457524566650391,NaN,NaN
47.5,0.595038770039876,0.460986480712891,NaN,NaN
47.5083333333333,0.594021536509196,0.464329299926758,NaN,NaN
47.5166666666667,0.593021113077799,0.468490219116211,NaN,NaN
47.525,0.592070668538412,0.472931365966797,NaN,NaN
47.5333333333333,0.590936845143636,0.477633819580078,NaN,NaN
47.5416666666667,0.590042050679525,0.481772308349609,NaN,NaN
47.55,0.589393399556478,0.486536407470703,NaN,NaN
47.5583333333333,0.588582350413005,0.491086883544922,NaN,NaN
47.5666666666667,0.588582350413005,0.491086883544922,NaN,NaN
47.575,0.587887783050537,0.496513900756836,NaN,NaN
47.5833333333333,0.587134132385254,0.501248626708984,NaN,NaN
47.5916666666667,0.586525281270345,0.506100387573242,NaN,NaN
47.6,0.58617259979248,0.511607437133789,NaN,NaN
47.6083333333333,0.585956916809082,0.519375991821289,NaN,NaN
47.6166666666667,0.585677401224772,0.525545425415039,NaN,NaN
47.625,0.585641180674235,0.530512466430664,NaN,NaN
47.6333333333333,0.585259284973145,0.534634246826172,NaN,NaN
47.6416666666667,0.584818509419759,0.537638320922852,NaN,NaN
47.65,0.585002212524414,0.540743637084961,NaN,NaN
47.6583333333333,0.585021546681722,0.543237762451172,NaN,NaN
47.6666666666667,0.585290877024333,0.54593017578125,NaN,NaN
47.675,0.585718828837077,0.548683624267578,NaN,NaN
47.6833333333333,0.586152509053548,0.551009750366211,NaN,NaN
47.6916666666667,0.586553039550781,0.553552169799805,NaN,NaN
47.7,0.586700871785482,0.555481338500977,NaN,NaN
47.7083333333333,0.586974881490072,0.55710823059082,NaN,NaN
47.7166666666667,0.587317574818929,0.558524780273437,NaN,NaN
47.725,0.587700500488281,0.560136642456055,NaN,NaN
47.7333333333333,0.58797841389974,0.561663970947266,NaN,NaN
47.7416666666667,0.583580538431803,0.550656585693359,NaN,NaN
47.75,0.58647159576416,0.553813247680664,NaN,NaN
47.7583333333333,0.576563822428385,0.531289901733399,NaN,NaN
47.7666666666667,0.584110794067383,0.541588592529297,NaN,NaN
47.775,0.573166542053223,0.514875030517578,NaN,NaN
47.7833333333333,0.56888661702474,0.479939270019531,NaN,NaN
47.7916666666667,0.565496826171875,0.432092437744141,NaN,NaN
47.8,0.563551305135091,0.382658233642578,NaN,NaN
47.8083333333333,0.56238213857015,0.347130966186523,NaN,NaN
47.8166666666667,0.56234125773112,0.328641052246094,NaN,NaN
47.825,0.562141437530518,0.321063461303711,NaN,NaN
47.8333333333333,0.562176113128662,0.316724853515625,NaN,NaN
47.8416666666667,0.562362124125163,0.315440673828125,NaN,NaN
47.85,0.562486864725749,0.314824371337891,NaN,NaN
47.8583333333333,0.56250072479248,0.313647842407227,NaN,NaN
47.8666666666667,0.562533047993978,0.312650985717773,NaN,NaN
47.875,0.562398427327474,0.312249221801758,NaN,NaN
47.8833333333333,0.562363325754801,0.311838073730469,NaN,NaN
47.8916666666667,0.562457949320475,0.311372528076172,NaN,NaN
47.9,0.562676391601562,0.310708694458008,NaN,NaN
47.9083333333333,0.562883186340332,0.310264434814453,NaN,NaN
47.9166666666667,0.563028322855632,0.310473937988281,NaN,NaN
47.925,0.563028322855632,0.310473937988281,NaN,NaN
47.9333333333333,0.563308436075846,0.309847030639648,NaN,NaN
47.9416666666667,0.563556276957194,0.309480133056641,NaN,NaN
47.95,0.563810977935791,0.308963851928711,NaN,NaN
47.9583333333333,0.56389596303304,0.308108978271484,NaN,NaN
47.9666666666667,0.564065132141113,0.307882766723633,NaN,NaN
47.975,0.564344418843587,0.307832183837891,NaN,NaN
47.9833333333333,0.564528751373291,0.307979888916016,NaN,NaN
47.9916666666667,0.564831517537435,0.308151779174805,NaN,NaN
48,0.565008684794108,0.308562469482422,NaN,NaN
48.0083333333333,0.565105883280436,0.309153900146484,NaN,NaN
48.0166666666667,0.565232022603353,0.309352188110352,NaN,NaN
48.025,0.565382785797119,0.309967803955078,NaN,NaN
48.0333333333333,0.565602226257324,0.310170440673828,NaN,NaN
48.0416666666667,0.565690561930339,0.310706405639648,NaN,NaN
48.05,0.565774167378744,0.311340789794922,NaN,NaN
48.0583333333333,0.565754248301188,0.312093353271484,NaN,NaN
48.0666666666667,0.565900173187256,0.31276611328125,NaN,NaN
48.075,0.565952758789062,0.313107452392578,NaN,NaN
48.0833333333333,0.566185983022054,0.313279724121094,NaN,NaN
48.0916666666667,0.566441116333008,0.313620681762695,NaN,NaN
48.1,0.566985708872477,0.313820419311523,NaN,NaN
48.1083333333333,0.567600034077962,0.313323364257812,NaN,NaN
48.1166666666667,0.56848560333252,0.312932281494141,NaN,NaN
48.125,0.569564832051595,0.312936630249023,NaN,NaN
48.1333333333333,0.570437749226888,0.313028945922852,NaN,NaN
48.1416666666667,0.571426893870036,0.313322448730469,NaN,NaN
48.15,0.577819073994954,0.312922973632813,NaN,NaN
48.1583333333333,0.590446090698242,0.312206344604492,NaN,NaN
48.1666666666667,0.59284948348999,0.30683235168457,NaN,NaN
48.175,0.594817555745443,0.305812072753906,NaN,NaN
48.1833333333333,0.596259778340658,0.304892349243164,NaN,NaN
48.1916666666667,0.597104937235514,0.303357086181641,NaN,NaN
48.2,0.598276437123617,0.302460861206055,NaN,NaN
48.2083333333333,0.599785016377767,0.301291961669922,NaN,NaN
48.2166666666667,0.601473649342855,0.300334243774414,NaN,NaN
48.225,0.603154055277507,0.299328155517578,NaN,NaN
48.2333333333333,0.604572588602702,0.299218139648437,NaN,NaN
48.2416666666667,0.606155077616374,0.299325180053711,NaN,NaN
48.25,0.608181266784668,0.299472427368164,NaN,NaN
48.2583333333333,0.608181266784668,0.299472427368164,NaN,NaN
48.2666666666667,0.610608940124512,0.298476333618164,NaN,NaN
48.275,0.612593943277995,0.298403625488281,NaN,NaN
48.2833333333333,0.614818509419759,0.298326797485352,NaN,NaN
48.2916666666667,0.617455876668294,0.298244323730469,NaN,NaN
48.3,0.620046399434408,0.296601943969727,NaN,NaN
48.3083333333333,0.622355422973633,0.292203979492187,NaN,NaN
48.3166666666667,0.624729092915853,0.290182342529297,NaN,NaN
48.325,0.626786473592122,0.288107604980469,NaN,NaN
48.3333333333333,0.628797403971354,0.287341766357422,NaN,NaN
48.3416666666667,0.631024271647135,0.286653671264648,NaN,NaN
48.35,0.63351069132487,0.286020050048828,NaN,NaN
48.3583333333333,0.63542428334554,0.285820617675781,NaN,NaN
48.3666666666667,0.63766529083252,0.285678329467773,NaN,NaN
48.375,0.639263509114583,0.284958648681641,NaN,NaN
48.3833333333333,0.641172281901042,0.28353157043457,NaN,NaN
48.3916666666667,0.642885449727376,0.280710830688477,NaN,NaN
48.4,0.644811922709147,0.279185485839844,NaN,NaN
48.4083333333333,0.646150932312012,0.277645950317383,NaN,NaN
48.4166666666667,0.647521934509277,0.276359939575195,NaN,NaN
48.425,0.648702646891276,0.276159210205078,NaN,NaN
48.4333333333333,0.649519119262695,0.275650024414062,NaN,NaN
48.4416666666667,0.649985160827637,0.276296005249023,NaN,NaN
48.45,0.650706062316895,0.276852035522461,NaN,NaN
48.4583333333333,0.650787925720215,0.276741104125977,NaN,NaN
48.4666666666667,0.650684496561686,0.27642333984375,NaN,NaN
48.475,0.650297991434733,0.276377639770508,NaN,NaN
48.4833333333333,0.64982125600179,0.275387496948242,NaN,NaN
48.4916666666667,0.650040054321289,0.275720062255859,NaN,NaN
48.5,0.649402262369792,0.276817016601563,NaN,NaN
48.5083333333333,0.648771769205729,0.276135787963867,0.644358158111572,0.604361593723297
48.5166666666667,0.647730077107747,0.276030502319336,0.633464455604553,0.615524858236313
48.525,0.646668548583984,0.27742790222168,0.575791627168655,0.608717650175095
48.5333333333333,0.645494791666667,0.279570693969727,0.644462019205093,0.621591657400131
48.5416666666667,0.643963165283203,0.28121467590332,0.643634587526321,0.621248751878738
48.55,0.641320101420085,0.28448616027832,0.639068454504013,0.625916063785553
48.5583333333333,0.639867210388184,0.286549072265625,0.634626507759094,0.617033362388611
48.5666666666667,0.638452733357747,0.288182144165039,0.642008692026138,0.627440631389618
48.575,0.638452733357747,0.288182144165039,0.643208593130112,0.622456580400467
48.5833333333333,0.636666882832845,0.289489059448242,0.640853643417358,0.632985472679138
48.5916666666667,0.635199406941732,0.291672668457031,0.641784638166428,0.620451390743256
48.6,0.633782272338867,0.294096221923828,0.57340270280838,0.631435573101044
48.6083333333333,0.632294540405273,0.296814041137695,NaN,NaN
48.6166666666667,0.630862770080566,0.29883186340332,NaN,NaN
48.625,0.629572575887044,0.300519256591797,NaN,NaN
48.6333333333333,0.628215599060059,0.302140350341797,NaN,NaN
48.6416666666667,0.626868260701497,0.30359489440918,NaN,NaN
48.65,0.625970471700033,0.305484466552734,NaN,NaN
48.6583333333333,0.625219586690267,0.307102890014648,NaN,NaN
48.6666666666667,0.624440879821777,0.309323577880859,NaN,NaN
48.675,0.623842837015788,0.311393280029297,NaN,NaN
48.6833333333333,0.623430633544922,0.314398422241211,NaN,NaN
48.6916666666667,0.623056462605794,0.316750183105469,0.640295505523682,0.415375888347626
48.7,0.623112297058105,0.319184417724609,0.632001936435699,0.419204667210579
48.7083333333333,0.623615163167318,0.323442993164063,0.640344947576523,0.433105632662773
48.7166666666667,0.618668047587077,0.325981369018555,0.63765361905098,0.426707997918129
48.725,0.610984700520833,0.332080688476562,0.629580616950989,0.428205668926239
48.7333333333333,0.609900538126628,0.335577850341797,0.639107346534729,0.429965853691101
48.7416666666667,0.612127011617025,0.337763061523437,0.630968570709229,0.431040078401566
48.75,0.625713450113932,0.33921516418457,0.632270157337189,0.422831118106842
48.7583333333333,0.627196273803711,0.340437698364258,0.625375151634216,0.434680357575417
48.7666666666667,0.628807220458984,0.341813049316406,0.634608119726181,0.425621315836906
48.775,0.628807220458984,0.341813049316406,0.628315389156342,0.431258797645569
48.7833333333333,0.629614321390788,0.342855606079102,0.628096044063568,0.431973665952682
48.7916666666667,0.630837249755859,0.343934783935547,0.624405413866043,0.430414631962776
48.8,0.631649640401204,0.34507682800293,0.636243671178818,0.437772825360298
48.8083333333333,0.632185071309407,0.345826721191406,NaN,NaN
48.8166666666667,0.632937609354655,0.347832489013672,NaN,NaN
48.825,0.63333859761556,0.3487939453125,0.629301875829697,0.43706126511097
48.8333333333333,0.633404362996419,0.349652786254883,0.628772586584091,0.435380846261978
48.8416666666667,0.633131980895996,0.350519104003906,0.630610316991806,0.441613927483559
48.85,0.633111928304037,0.351097259521484,NaN,NaN
48.8583333333333,0.633184560139974,0.350887680053711,NaN,NaN
48.8666666666667,0.633736750284831,0.349911956787109,0.578391522169113,0.40304459631443
48.875,0.634093360900879,0.349345550537109,NaN,NaN
48.8833333333333,0.634675280253092,0.349322662353516,NaN,NaN
48.8916666666667,0.6350404103597,0.349270935058594,NaN,NaN
48.9,0.635206235249837,0.349140472412109,NaN,NaN
48.9083333333333,0.63519650777181,0.349060592651367,NaN,NaN
48.9166666666667,0.634941533406576,0.349432144165039,NaN,NaN
48.925,0.634308865865072,0.349565124511719,NaN,NaN
48.9333333333333,0.633786201477051,0.350075607299805,NaN,NaN
48.9416666666667,0.633001505533854,0.350438766479492,NaN,NaN
48.95,0.632402610778809,0.351239624023437,NaN,NaN
48.9583333333333,0.631475728352865,0.353196411132813,NaN,NaN
48.9666666666667,0.631147232055664,0.353242340087891,0.356074675917625,0.545367866754532
48.975,0.630306129455566,0.354206924438477,NaN,NaN
48.9833333333333,0.629511909484863,0.354254608154297,NaN,NaN
48.9916666666667,0.628670488993327,0.355091094970703,0.34567554295063,0.566266626119614
49,0.627782274881999,0.357445983886719,NaN,NaN
49.0083333333333,0.626874389648437,0.358387603759766,NaN,NaN
49.0166666666667,0.624393030802409,0.361704711914063,NaN,NaN
49.025,0.624393030802409,0.361704711914063,NaN,NaN
49.0333333333333,0.622706565856934,0.363297271728516,NaN,NaN
49.0416666666667,0.621439310709635,0.364264144897461,NaN,NaN
49.05,0.62041800181071,0.365250701904297,NaN,NaN
49.0583333333333,0.619197247823079,0.367582931518555,NaN,NaN
49.0666666666667,0.618088912963867,0.369040451049805,NaN,NaN
49.075,0.616847585042318,0.370734558105469,NaN,NaN
49.0833333333333,0.615421600341797,0.371409759521484,NaN,NaN
49.0916666666667,0.614486223856608,0.370726699829102,NaN,NaN
49.1,0.613384869893392,0.370622253417969,NaN,NaN
49.1083333333333,0.612679087320964,0.369973526000977,NaN,NaN
49.1166666666667,0.611857999165853,0.369752502441406,NaN,NaN
49.125,0.610331281026204,0.370768051147461,NaN,NaN
49.1333333333333,0.608779640197754,0.371039581298828,NaN,NaN
49.1416666666667,0.607495371500651,0.37052001953125,NaN,NaN
49.15,0.606127382914225,0.368995513916016,NaN,NaN
49.1583333333333,0.604466272989909,0.369029159545898,NaN,NaN
49.1666666666667,0.602578976949056,0.369061889648437,NaN,NaN
49.175,0.601204382578532,0.368602905273438,NaN,NaN
49.1833333333333,0.600333690643311,0.367442245483398,NaN,NaN
49.1916666666667,0.599238128662109,0.368441390991211,NaN,NaN
49.2,0.597277946472168,0.371302185058594,NaN,NaN
49.2083333333333,0.5959219678243,0.372457656860352,NaN,NaN
49.2166666666667,0.593961912790934,0.37484375,NaN,NaN
49.225,0.592123425801595,0.376625747680664,NaN,NaN
49.2333333333333,0.590222047170003,0.378911514282227,NaN,NaN
49.2416666666667,0.588486258188883,0.380258102416992,NaN,NaN
49.25,0.586737620035807,0.380946273803711,NaN,NaN
49.2583333333333,0.585087795257568,0.382040863037109,0.463839933276176,0.537931978702545
49.2666666666667,0.583446083068848,0.382175750732422,0.456746160984039,0.543622344732285
49.275,0.582185573577881,0.382321090698242,0.463126093149185,0.546787589788437
49.2833333333333,0.581036516825358,0.382233505249023,0.469846859574318,0.542805135250092
49.2916666666667,0.57978941599528,0.381796340942383,0.459296509623528,0.532456815242767
49.3,0.579251639048258,0.380833358764648,0.452993109822273,0.548563331365585
49.3083333333333,0.578544368743896,0.380723266601563,0.454273328185081,0.530046015977859
49.3166666666667,0.577961362202962,0.380082626342774,0.460192337632179,0.553900301456451
49.325,0.577479883829753,0.380409851074219,0.461293786764145,0.542529821395874
49.3333333333333,0.577105725606283,0.380693130493164,0.458856284618378,0.536113858222961
49.3416666666667,0.577015253702799,0.381116409301758,0.459931418299675,0.548810064792633
49.35,0.576940218607585,0.381591033935547,0.458324730396271,0.550535053014755
49.3583333333333,0.57620184580485,0.381060333251953,0.462882816791534,0.547334402799606
49.3666666666667,0.575398941040039,0.383655395507812,0.467462286353111,0.549453943967819
49.375,0.575232098897298,0.384149780273437,0.458001106977463,0.600744187831879
49.3833333333333,0.575223757425944,0.384592056274414,0.512321099638939,0.651112526655197
49.3916666666667,0.575317675272624,0.385509948730469,0.543438285589218,0.689195364713669
49.4,0.575684191385905,0.386622467041016,0.55681899189949,0.72345694899559
49.4083333333333,0.57589469909668,0.388453140258789,0.552437216043472,0.708976417779922
49.4166666666667,0.576097933451335,0.389391784667969,0.546198576688766,0.705601185560226
49.425,0.57633731842041,0.390642166137695,0.556922286748886,0.709798961877823
49.4333333333333,0.576554565429688,0.392494964599609,0.546133875846863,0.708353579044342
49.4416666666667,0.57666556040446,0.394162216186523,0.56887623667717,0.723928302526474
49.45,0.576931660970052,0.395710372924805,0.553265452384949,0.707645088434219
49.4583333333333,0.577260322570801,0.397524795532227,0.574909090995789,0.723172307014465
49.4666666666667,0.577779388427734,0.399995269775391,0.56211656332016,0.718880593776703
49.475,0.578447901407878,0.401660614013672,0.575659900903702,0.71244603395462
49.4833333333333,0.579169368743896,0.403601760864258,0.578020542860031,0.715405821800232
49.4916666666667,0.579917659759521,0.405108947753906,0.559598058462143,0.720581352710724
49.5,0.580860958099365,0.407297286987305,0.572664946317673,0.725542068481445
49.5083333333333,0.582001457214355,0.407808532714844,0.546132951974869,0.70756784081459
49.5166666666667,0.583175621032715,0.407933349609375,0.544891506433487,0.708613932132721
49.525,0.58444876352946,0.407560501098633,0.54041776061058,0.701836287975311
49.5333333333333,0.585755271911621,0.407933578491211,0.544122219085693,0.706211030483246
49.5416666666667,0.586872323354085,0.408104705810547,0.555022180080414,0.707444369792938
49.55,0.588356602986654,0.409650192260742,0.556831270456314,0.708432078361511
49.5583333333333,0.589838829040527,0.410237884521484,0.535752177238464,0.700661301612854
49.5666666666667,0.591552397410075,0.411162490844727,0.550062745809555,0.70170670747757
49.575,0.593208688100179,0.412447891235352,0.485930636525154,0.68299075961113
49.5833333333333,0.595006173451742,0.414162902832031,NaN,NaN
49.5916666666667,0.597024752298991,0.415864105224609,NaN,NaN
49.6,0.598961861928304,0.417176818847656,NaN,NaN
49.6083333333333,0.600909843444824,0.417150115966797,NaN,NaN
49.6166666666667,0.603005409240723,0.418395614624023,NaN,NaN
49.625,0.604890371958415,0.418934020996094,NaN,NaN
49.6333333333333,0.606658668518066,0.420555114746094,NaN,NaN
49.6416666666667,0.606658668518066,0.420555114746094,NaN,NaN
49.65,0.60873171488444,0.421101379394531,NaN,NaN
49.6583333333333,0.610365956624349,0.42163444519043,NaN,NaN
49.6666666666667,0.612137387593587,0.421903457641601,NaN,NaN
49.675,0.613906262715658,0.423490524291992,NaN,NaN
49.6833333333333,0.615039850870768,0.425381469726563,NaN,NaN
49.6916666666667,0.615558904012044,0.426259765625,NaN,NaN
49.7,0.61572333017985,0.426827697753906,NaN,NaN
49.7083333333333,0.615615348815918,0.427437362670898,NaN,NaN
49.7166666666667,0.615397008260091,0.428855895996094,0.547878056764603,0.712002754211426
49.725,0.615080998738607,0.430844802856445,0.543810278177261,0.695544898509979
49.7333333333333,0.615058720906576,0.429681167602539,0.551416546106339,0.717637360095978
49.7416666666667,0.614582926432292,0.429094467163086,0.565659821033478,0.735349804162979
49.75,0.61376771291097,0.430282745361328,0.573527574539185,0.709671229124069
49.7583333333333,0.612773768107096,0.433357391357422,0.562945574522018,0.721711665391922
49.7666666666667,0.610744132995605,0.43662483215332,0.573989510536194,0.709765523672104
49.775,0.608550465901693,0.440436477661133,0.578518152236938,0.710018455982208
49.7833333333333,0.605902627309163,0.444098358154297,0.576435387134552,0.733367711305618
49.7916666666667,0.603031368255615,0.44798583984375,0.556168645620346,0.74428579211235
49.8,0.599860076904297,0.451954498291016,0.580536156892776,0.731204867362976
49.8083333333333,0.597032578786214,0.455031585693359,0.570184320211411,0.750891625881195
49.8166666666667,0.597032578786214,0.455031585693359,0.555739045143127,0.745077878236771
49.825,0.594528153737386,0.457791137695313,0.569186002016068,0.7224240899086
49.8333333333333,0.591847553253174,0.461414108276367,0.545218706130981,0.743828862905502
49.8416666666667,0.589227294921875,0.462762069702148,NaN,NaN
49.85,0.5864910252889,0.467500381469727,NaN,NaN
49.8583333333333,0.583943354288737,0.472775573730469,NaN,NaN
49.8666666666667,0.581268997192383,0.477749176025391,NaN,NaN
49.875,0.57832799911499,0.482802886962891,NaN,NaN
49.8833333333333,0.575261624654134,0.488975830078125,NaN,NaN
49.8916666666667,0.572859414418538,0.494497375488281,NaN,NaN
49.9,0.570303370157878,0.500361862182617,NaN,NaN
49.9083333333333,0.56769458770752,0.505691833496094,NaN,NaN
49.9166666666667,0.565052541097005,0.512036972045898,NaN,NaN
49.925,0.562888679504395,0.518044815063477,0.557285606861115,0.739566504955292
49.9333333333333,0.560582695007324,0.524252166748047,0.55317223072052,0.740288197994232
49.9416666666667,0.558594080607096,0.529904708862305,0.529493451118469,0.745604336261749
49.95,0.556549631754557,0.534162521362305,0.554555729031563,0.739876061677933
49.9583333333333,0.554710235595703,0.539135971069336,0.535723209381104,0.748072594404221
49.9666666666667,0.552937812805176,0.543507766723633,0.536062031984329,0.73730143904686
49.975,0.551533196767171,0.548218688964844,0.543100565671921,0.736627638339996
49.9833333333333,0.550417130788167,0.553237533569336,0.532070398330688,0.722227811813354
49.9916666666667,0.549346504211426,0.557729263305664,0.523487582802773,0.738124370574951
50,0.548061504364014,0.562196197509766,0.545418947935104,0.730305999517441
50.0083333333333,0.547148068745931,0.566375503540039,0.540548950433731,0.731234043836594
50.0166666666667,0.546361083984375,0.571216812133789,0.534473359584808,0.744146585464478
50.025,0.545786259969075,0.574927368164063,0.539163067936897,0.741227656602859
50.0333333333333,0.54530517578125,0.578569946289063,0.548355638980865,0.726935356855392
50.0416666666667,0.544571774800618,0.582082672119141,0.534765511751175,0.729642242193222
50.05,0.543822053273519,0.58614387512207,0.538451373577118,0.731492638587952
50.0583333333333,0.542451616923014,0.590445327758789,0.536376357078552,0.728987336158752
50.0666666666667,0.541438255310059,0.594037017822266,0.538278728723526,0.735541731119156
50.075,0.540206597646077,0.597414245605469,0.543491065502167,0.743116319179535
50.0833333333333,0.539222412109375,0.600755767822266,0.537631213665009,0.727423965930939
50.0916666666667,0.538186276753744,0.60435905456543,0.541838467121124,0.725455492734909
50.1,0.537438761393229,0.608251647949219,0.511616513133049,0.732097893953323
50.1083333333333,0.536658986409505,0.611386642456055,0.546913206577301,0.731641590595245
50.1166666666667,0.535835107167562,0.614708023071289,0.549140006303787,0.721494525671005
50.125,0.534991327921549,0.616891250610352,0.536113142967224,0.729013741016388
50.1333333333333,0.534118226369222,0.619044189453125,0.517298623919487,0.726407945156097
50.1416666666667,0.533183676401774,0.62130500793457,0.535533547401428,0.732925295829773
50.15,0.532037531534831,0.623684768676758,0.538170725107193,0.712945014238358
50.1583333333333,0.531176433563232,0.626321792602539,0.539171516895294,0.741242229938507
50.1666666666667,0.530386594136556,0.628648834228516,0.54753977060318,0.736112862825394
50.175,0.530386594136556,0.628648834228516,0.549698054790497,0.723649919033051
50.1833333333333,0.529537754058838,0.630748672485351,0.546549797058105,0.733467787504196
50.1916666666667,0.528908271789551,0.633271484375,0.542163133621216,0.71184054017067
50.2,0.528076718648275,0.63541618347168,0.534140795469284,0.72366538643837
50.2083333333333,0.527604624430339,0.63764030456543,0.544168949127197,0.733863830566406
50.2166666666667,0.527074406941732,0.640017395019531,0.5448879301548,0.727750808000565
50.225,0.526720027923584,0.641757049560547,0.545131921768188,0.720337063074112
50.2333333333333,0.526425724029541,0.64373664855957,0.550398468971252,0.718207806348801
50.2416666666667,0.526137364705404,0.646257400512695,0.544186592102051,0.719357997179031
50.25,0.525886834462484,0.647695693969726,0.53944519162178,0.722067087888718
50.2583333333333,0.525806757609049,0.649032363891602,0.547721058130264,0.726678460836411
50.2666666666667,0.525671450297038,0.650728149414062,0.551382929086685,0.728005200624466
50.275,0.525484135945638,0.651944351196289,0.537112534046173,0.730638384819031
50.2833333333333,0.52529837290446,0.653375701904297,0.544455200433731,0.724776178598404
50.2916666666667,0.525127245585124,0.654759216308594,0.532732129096985,0.715507298707962
50.3,0.52507427851359,0.655872268676758,0.540169179439545,0.714065611362457
50.3083333333333,0.525781828562419,0.661048812866211,0.543676823377609,0.711686670780182
50.3166666666667,0.526917470296224,0.664012908935547,0.533783078193665,0.723142087459564
50.325,0.527448247273763,0.663638153076172,0.543796390295029,0.718693822622299
50.3333333333333,0.527375793457031,0.662645950317383,0.548314183950424,0.706547647714615
50.3416666666667,0.526351807912191,0.660366287231445,0.536548405885696,0.723832339048386
50.35,0.526101754506429,0.661008605957031,0.541992366313934,0.725525408983231
50.3583333333333,0.525774745941162,0.662583236694336,0.543039470911026,0.727429211139679
50.3666666666667,0.52600887298584,0.663690567016602,0.534807354211807,0.725802779197693
50.375,0.526323509216309,0.664182205200195,0.539874225854874,0.722291558980942
50.3833333333333,0.526740570068359,0.664345626831055,0.539159625768661,0.724457740783691
50.3916666666667,0.527124938964844,0.664262313842773,0.534941762685776,0.740052133798599
50.4,0.527516377766927,0.664747161865234,0.529190465807915,0.723930835723877
50.4083333333333,0.528065363566081,0.665474472045898,0.528394728899002,0.725837618112564
50.4166666666667,0.528539969126383,0.665850067138672,0.536803811788559,0.727256298065186
50.425,0.529032904307048,0.66701789855957,0.537435114383698,0.730759263038635
50.4333333333333,0.529480419158936,0.667316055297852,0.543996721506119,0.724766343832016
50.4416666666667,0.529916699727376,0.667559585571289,0.540922671556473,0.726192742586136
50.45,0.530435676574707,0.667686920166016,0.537490457296371,0.72447469830513
50.4583333333333,0.531073169708252,0.667033157348633,0.532773524522781,0.725963026285172
50.4666666666667,0.531713949839274,0.666618118286133,0.542782425880432,0.716932773590088
50.475,0.532186209360758,0.666773452758789,0.540785402059555,0.717662423849106
50.4833333333333,0.532922814687093,0.666556625366211,0.54540804028511,0.734690338373184
50.4916666666667,0.533432248433431,0.666041412353516,0.55072146654129,0.715730428695679
50.5,0.534067853291829,0.665587615966797,0.548185795545578,0.717710942029953
50.5083333333333,0.534604269663493,0.665305709838867,0.538895457983017,0.706599056720734
50.5166666666667,0.534996859232585,0.665486907958984,0.538739114999771,0.699735581874847
50.525,0.535465443929036,0.665599975585937,0.543508440256119,0.713705539703369
50.5333333333333,0.53557274500529,0.666353912353516,0.555827409029007,0.714507848024368
50.5416666666667,0.535675188700358,0.666850051879883,0.541264891624451,0.719342410564423
50.55,0.535668678283691,0.667568130493164,0.545738726854324,0.712717443704605
50.5583333333333,0.535668678283691,0.667568130493164,0.546028017997742,0.70706233382225
50.5666666666667,0.535503253936768,0.669052581787109,0.554286450147629,0.700662404298782
50.575,0.535250975290934,0.670142593383789,0.545197904109955,0.703569263219833
50.5833333333333,0.534972629547119,0.671611328125,0.541121989488602,0.720705538988113
50.5916666666667,0.534673569997152,0.673374252319336,0.543618053197861,0.708585023880005
50.6,0.534582703908285,0.674955749511719,0.546765893697739,0.701171934604645
50.6083333333333,0.534531567891439,0.676539001464844,0.555918782949448,0.713054269552231
50.6166666666667,0.53444325764974,0.678208847045898,0.553979873657227,0.724742710590363
50.625,0.534464550018311,0.678970489501953,0.545045495033264,0.717376202344894
50.6333333333333,0.534519240061442,0.679616775512695,0.547608643770218,0.715322196483612
50.6416666666667,0.534479427337647,0.680093612670899,0.541136205196381,0.714986324310303
50.65,0.534394537607829,0.680478210449219,0.558129340410233,0.723479449748993
50.6583333333333,0.534303353627523,0.681784439086914,0.541360914707184,0.71585351228714
50.6666666666667,0.53415901184082,0.682760162353516,0.550318121910095,0.724621742963791
50.675,0.533958625793457,0.683277969360352,0.548884510993958,0.707054406404495
50.6833333333333,0.533619105021159,0.683755874633789,0.547112822532654,0.724280625581741
50.6916666666667,0.533375587463379,0.684094543457031,0.53415459394455,0.720567971467972
50.7,0.53315326054891,0.684475860595703,0.537092059850693,0.735497623682022
50.7083333333333,0.532927468617757,0.684711837768555,0.562115430831909,0.721914112567902
50.7166666666667,0.532690518697103,0.685539855957031,0.549920588731766,0.715873003005981
50.725,0.5324787012736,0.685814819335937,0.544054329395294,0.708919078111649
50.7333333333333,0.532342402140299,0.68616455078125,0.540031909942627,0.714799255132675
50.7416666666667,0.532090015411377,0.686344528198242,0.559171438217163,0.714229375123978
50.75,0.531932220458984,0.686805267333984,0.551079839468002,0.7064548432827
50.7583333333333,0.531853135426839,0.686787948608398,0.54071256518364,0.720159292221069
50.7666666666667,0.531853135426839,0.686787948608398,0.554919272661209,0.726288259029388
50.775,0.531741282145182,0.686613082885742,0.534580022096634,0.718712210655212
50.7833333333333,0.531831633249919,0.686515197753906,0.544737547636032,0.707951784133911
50.7916666666667,0.531869227091471,0.686617279052734,0.550957500934601,0.72065606713295
50.8,0.532007293701172,0.687023162841797,0.546051561832428,0.724634647369385
50.8083333333333,0.532030022939046,0.687374267578125,0.542906552553177,0.709156930446625
50.8166666666667,0.532500807444255,0.687836685180664,0.548409104347229,0.707527428865433
50.825,0.533152898152669,0.688176116943359,0.544061869382858,0.721851795911789
50.8333333333333,0.533754278818766,0.688040084838867,0.547977238893509,0.716321855783463
50.8416666666667,0.53435604095459,0.688241424560547,0.542609691619873,0.7209812104702
50.85,0.534795996348063,0.68833122253418,0.54844143986702,0.727197349071503
50.8583333333333,0.535078169504801,0.688343734741211,0.549162834882736,0.727181732654572
50.8666666666667,0.535303020477295,0.68830192565918,0.546048641204834,0.7172671854496
50.875,0.535486653645833,0.688375778198242,0.554317116737366,0.710109025239944
50.8833333333333,0.535586064656576,0.688499450683594,0.544864177703857,0.709740400314331
50.8916666666667,0.535639355977376,0.688604431152344,0.556878477334976,0.652196526527405
50.9,0.53583433787028,0.688522415161133,0.552703589200974,0.563109844923019
50.9083333333333,0.535981375376383,0.688225326538086,0.5572709441185,0.504391044378281
50.9166666666667,0.536034297943115,0.688235626220703,0.569170236587524,0.507145240902901
50.925,0.536423867543538,0.687698745727539,0.565325945615768,0.517022520303726
50.9333333333333,0.536931126912435,0.687659606933594,0.570883005857468,0.509430706501007
50.9416666666667,0.539779955546061,0.689310073852539,0.567195951938629,0.515173554420471
50.95,0.541010538736979,0.688233871459961,0.56999459862709,0.512153774499893
50.9583333333333,0.541982720692953,0.686746063232422,0.566070765256882,0.522763520479202
50.9666666666667,0.542593224843343,0.685584487915039,0.565518081188202,0.509894341230392
50.975,0.543108908335368,0.684604568481445,0.563172429800034,0.510357722640038
50.9833333333333,0.543576221466064,0.684259262084961,0.565751969814301,0.507970124483109
50.9916666666667,0.543987738291423,0.683391799926758,0.567389100790024,0.517548024654388
51,0.544420293172201,0.683227233886719,0.557481050491333,0.513048052787781
51.0083333333333,0.544769528706868,0.683123626708984,0.573333889245987,0.505206286907196
51.0166666666667,0.545041955312093,0.682988357543945,0.566415041685104,0.51036861538887
51.025,0.54568203608195,0.682654342651367,0.568848699331284,0.516592681407928
51.0333333333333,0.546063874562581,0.681934432983399,0.568718999624252,0.519057929515839
51.0416666666667,0.546474024454753,0.681288681030273,0.562776982784271,0.513790100812912
51.05,0.546789709726969,0.680635681152344,0.564027637243271,0.513947784900665
51.0583333333333,0.546978410085042,0.679864273071289,0.563332378864288,0.509584471583366
51.0666666666667,0.547170263926188,0.679273452758789,0.563940107822418,0.511327236890793
51.075,0.547431710561117,0.678133926391602,0.566576808691025,0.517822504043579
51.0833333333333,0.547902526855469,0.677333450317383,0.563226222991943,0.510869219899178
51.0916666666667,0.548169104258219,0.676723327636719,0.572130620479584,0.518082469701767
51.1,0.548384990692139,0.675887832641602,0.568143457174301,0.510803580284119
51.1083333333333,0.54870153427124,0.675142669677734,0.560010731220245,0.51065593957901
51.1166666666667,0.548937174479167,0.674545669555664,0.560747534036636,0.511454999446869
51.125,0.549237289428711,0.673837509155274,0.558162033557892,0.517864525318146
51.1333333333333,0.54954434076945,0.673111877441406,0.564471870660782,0.514281257987022
51.1416666666667,0.550003255208333,0.672690124511719,0.564801901578903,0.515636295080185
51.15,0.550270792643229,0.672073287963867,0.565219789743423,0.512312173843384
51.1583333333333,0.550443852742513,0.671451644897461,0.565948307514191,0.512745499610901
51.1666666666667,0.55058359781901,0.670822906494141,0.564584583044052,0.517679631710052
51.175,0.550589040120443,0.670298233032227,0.564675062894821,0.513323903083801
51.1833333333333,0.55088888168335,0.669485931396484,0.565922558307648,0.515088528394699
51.1916666666667,0.551201057434082,0.669016036987305,0.570453315973282,0.513468265533447
51.2,0.551578280131022,0.667921676635742,0.565710872411728,0.521871000528336
51.2083333333333,0.552127749125163,0.666736297607422,0.578075021505356,0.535738915205002
51.2166666666667,0.552857297261556,0.665526504516602,0.622521430253983,0.563828974962234
51.225,0.553494243621826,0.664452743530273,0.645228505134583,0.605235785245895
51.2333333333333,0.554240264892578,0.663553237915039,0.643116056919098,0.625068992376328
51.2416666666667,0.554984067281087,0.66225471496582,0.640532284975052,0.62072828412056
51.25,0.555774752298991,0.661100387573242,0.641669869422913,0.61701101064682
51.2583333333333,0.556429506937663,0.659691696166992,0.644832640886307,0.618709415197372
51.2666666666667,0.557274856567383,0.658775253295898,0.62824022769928,0.618901073932648
51.275,0.55809362411499,0.657944488525391,0.639021128416061,0.612232267856598
51.2833333333333,0.559003868103027,0.657045516967773,0.63601216673851,0.62293866276741
51.2916666666667,0.55965358098348,0.656465759277344,0.643056243658066,0.617264181375504
51.3,0.560453275044759,0.655273361206055,0.639943808317184,0.609945863485336
51.3083333333333,0.56097417195638,0.653930816650391,0.633170157670975,0.61778450012207
51.3166666666667,0.561281305948893,0.651093444824219,0.636051684617996,0.609653741121292
51.325,0.561206817626953,0.646998519897461,0.636074066162109,0.609269797801971
51.3333333333333,0.561584154764811,0.646446990966797,0.639740616083145,0.616328597068787
51.3416666666667,0.561651000976563,0.645643768310547,0.63568115234375,0.625943332910538
51.35,0.56183230082194,0.645145568847656,0.644167125225067,0.611652344465256
51.3583333333333,0.56210516611735,0.644772644042969,0.631137430667877,0.622996658086777
51.3666666666667,0.562176208496094,0.644430999755859,0.633224874734879,0.617764502763748
51.375,0.562222023010254,0.643993072509766,0.633181005716324,0.617558896541595
51.3833333333333,0.562192446390788,0.643504257202148,0.633474320173264,0.61733016371727
51.3916666666667,0.562113227844238,0.643323059082031,0.635165005922318,0.623931348323822
51.4,0.562033042907715,0.643234786987305,0.636953711509705,0.628867894411087
51.4083333333333,0.561958688100179,0.643403778076172,0.634773433208466,0.618171066045761
51.4166666666667,0.562102146148682,0.643554229736328,0.633498579263687,0.616440236568451
51.425,0.562351544698079,0.643309783935547,0.638416856527328,0.606715798377991
51.4333333333333,0.562553939819336,0.643047485351562,0.6339330971241,0.627319127321243
51.4416666666667,0.562927544911702,0.641916046142578,0.631973624229431,0.615575522184372
51.45,0.563444671630859,0.641382904052734,0.640071153640747,0.616342484951019
51.4583333333333,0.563786080678304,0.641235275268555,0.631509393453598,0.620944887399673
51.4666666666667,0.564097315470378,0.640989837646484,0.64214825630188,0.609811455011368
51.475,0.564388516743978,0.640734405517578,0.65882208943367,0.536550581455231
51.4833333333333,0.564648825327555,0.640029220581055,0.669104307889938,0.459270864725113
51.4916666666667,0.56500680287679,0.639360809326172,0.679205417633057,0.43326710164547
51.5,0.565460027058919,0.638209228515625,0.677062124013901,0.417473658919334
51.5083333333333,0.56597115834554,0.637123794555664,0.67133241891861,0.429196193814278
51.5166666666667,0.566801471710205,0.636457672119141,0.666843235492706,0.429671496152878
51.525,0.567943572998047,0.634736251831055,0.670214086771011,0.443606406450272
51.5333333333333,0.569360733032227,0.632457275390625,0.667436301708221,0.438837841153145
51.5416666666667,0.570429280598958,0.630723648071289,0.671607077121735,0.432487100362778
51.55,0.571216602325439,0.629033126831055,0.665250927209854,0.440791264176369
51.5583333333333,0.572158902486165,0.627049942016602,0.659383326768875,0.443092256784439
51.5666666666667,0.573115450541178,0.625458297729492,0.66788375377655,0.43689352273941
51.575,0.574268550872803,0.623707122802734,0.664046108722687,0.454457342624664
51.5833333333333,0.575466156005859,0.621581115722656,0.672171384096146,0.47161553800106
51.5916666666667,0.576784159342448,0.618904418945313,0.684612184762955,0.595001250505447
51.6,0.578355681101481,0.615933151245117,NaN,NaN
51.6083333333333,0.579838981628418,0.613143844604492,NaN,NaN
51.6166666666667,0.581259167989095,0.60983039855957,NaN,NaN
51.625,0.582400042215983,0.606866683959961,NaN,NaN
51.6333333333333,0.583299191792806,0.603799591064453,NaN,NaN
51.6416666666667,0.583998705546061,0.600234069824219,NaN,NaN
51.65,0.584804306030273,0.597039260864258,NaN,NaN
51.6583333333333,0.585708821614583,0.593929748535156,NaN,NaN
51.6666666666667,0.58659304300944,0.590438690185547,NaN,NaN
51.675,0.587273438771566,0.587170181274414,NaN,NaN
51.6833333333333,0.587779121398926,0.583657684326172,NaN,NaN
51.6916666666667,0.587779121398926,0.583657684326172,NaN,NaN
51.7,0.588060468037923,0.581177062988281,NaN,NaN
51.7083333333333,0.58780824025472,0.578560485839844,NaN,NaN
51.7166666666667,0.5874334081014,0.576674652099609,NaN,NaN
51.725,0.586954828898112,0.573439788818359,NaN,NaN
51.7333333333333,0.58656359354655,0.569952239990234,0.631034076213837,0.587082773447037
51.7416666666667,0.586156266530355,0.566795272827148,0.593335270881653,0.617967545986176
51.75,0.585747388203939,0.563124160766602,0.610763251781464,0.594212979078293
51.7583333333333,0.584767602284749,0.559835891723633,0.5801702439785,0.620979458093643
51.7666666666667,0.583730430603027,0.558195724487305,0.592877805233002,0.613922744989395
51.775,0.582809079488118,0.556402816772461,0.584969401359558,0.599748373031616
51.7833333333333,0.581902345021566,0.55315788269043,0.579186856746674,0.598959237337112
51.7916666666667,0.580810241699219,0.549697341918945,0.581431925296783,0.58804914355278
51.8,0.579751218159994,0.546844863891602,0.585070610046387,0.601836681365967
51.8083333333333,0.57853214263916,0.544747467041016,0.577900528907776,0.588968098163605
51.8166666666667,0.577126916249593,0.542792587280273,0.591829538345337,0.575679987668991
51.825,0.575039914449056,0.541080474853516,0.5820432305336,0.597495228052139
51.8333333333333,0.573420702616374,0.538509140014648,0.585011720657349,0.574255019426346
51.8416666666667,0.571927083333333,0.536487655639649,0.580025792121887,0.568523049354553
51.85,0.570400778452555,0.536265335083008,NaN,NaN
51.8583333333333,0.568764101664225,0.535993499755859,0.608127564191818,0.55495822429657
51.8666666666667,0.567096430460612,0.535838394165039,NaN,NaN
51.875,0.565387617746989,0.535952758789062,NaN,NaN
51.8833333333333,0.563739446004232,0.536330032348633,NaN,NaN
51.8916666666667,0.563336448669434,0.53997673034668,NaN,NaN
51.9,0.563032086690267,0.540310745239258,NaN,NaN
51.9083333333333,0.562128016153971,0.540301895141602,NaN,NaN
51.9166666666667,0.560886077880859,0.53863151550293,NaN,NaN
51.925,0.557811183929443,0.538057098388672,NaN,NaN
51.9333333333333,0.556082229614258,0.54042594909668,NaN,NaN
51.9416666666667,0.555017827351888,0.542495574951172,NaN,NaN
51.95,0.554304205576579,0.544494247436523,NaN,NaN
51.9583333333333,0.553743368784587,0.546562042236328,NaN,NaN
51.9666666666667,0.553348185221354,0.548362579345703,0.528744906187057,0.560099542140961
51.975,0.553243662516276,0.550369873046875,0.526386633515358,0.538768023252487
51.9833333333333,0.553588485717773,0.552146072387695,0.530015841126442,0.545177102088928
51.9916666666667,0.554596881866455,0.555358352661133,0.549613744020462,0.56223726272583
52,0.555526027679443,0.558084945678711,0.559000074863434,0.549167782068253
52.0083333333333,0.555526027679443,0.558084945678711,0.560592442750931,0.596678256988525
52.0166666666667,0.556218020121257,0.560652542114258,0.564778298139572,0.684244513511658
52.025,0.556699078877767,0.563226165771484,0.568217188119888,0.712383329868317
52.0333333333333,0.556966692606608,0.56597785949707,0.572712153196335,0.728149175643921
52.0416666666667,0.557197761535644,0.568569107055664,0.571525037288666,0.710619449615479
52.05,0.557554257710775,0.571321487426758,0.581186950206757,0.748734086751938
52.0583333333333,0.558052889506022,0.574567642211914,0.559884995222092,0.71748548746109
52.0666666666667,0.558820813496908,0.577378387451172,0.568815797567368,0.704833447933197
52.075,0.560058002471924,0.579069900512695,0.570678681135178,0.724663257598877
52.0833333333333,0.560672187805176,0.582427215576172,0.560276001691818,0.729433119297028
52.0916666666667,0.561392606099447,0.584682769775391,0.57043993473053,0.718288600444794
52.1,0.562139682769775,0.586908187866211,0.564681857824326,0.720435619354248
52.1083333333333,0.562781130472819,0.589575653076172,0.558868318796158,0.713211596012115
52.1166666666667,0.563343276977539,0.59125358581543,0.570047616958618,0.728372752666473
52.125,0.564123153686523,0.594220275878906,0.560695827007294,0.721517831087112
52.1333333333333,0.56462474822998,0.598639831542969,0.567023485898972,0.713807791471481
52.1416666666667,0.565168749491374,0.602712097167969,0.565747559070587,0.703447818756104
52.15,0.566082280476888,0.606538619995117,0.558708310127258,0.700412482023239
52.1583333333333,0.566726913452148,0.609528045654297,0.56089985370636,0.708367258310318
52.1666666666667,0.567338256835938,0.613497772216797,0.559718728065491,0.703848391771317
52.175,0.568082866668701,0.617830505371094,0.565304666757584,0.711840987205505
52.1833333333333,0.568539136250814,0.622585754394531,0.561636209487915,0.710082739591599
52.1916666666667,0.568591175079346,0.627416458129883,0.564065754413605,0.722254246473312
52.2,0.568605944315592,0.63131950378418,0.559336870908737,0.719844549894333
52.2083333333333,0.568613516489665,0.635110702514649,0.572771430015564,0.703379333019257
52.2166666666667,0.568782005310059,0.638408355712891,0.567020624876022,0.721869945526123
52.225,0.568965072631836,0.641948547363281,0.56544291973114,0.725206285715103
52.2333333333333,0.569014873504639,0.645707702636719,0.565850883722305,0.714066118001938
52.2416666666667,0.569135131835937,0.649832153320313,0.567942976951599,0.714889079332352
52.25,0.569197133382161,0.653226318359375,0.572370439767838,0.723190456628799
52.2583333333333,0.569292742411296,0.656350250244141,0.568646550178528,0.712374418973923
52.2666666666667,0.569136714935303,0.659077911376953,0.555638402700424,0.708530694246292
52.275,0.568909721374512,0.6628564453125,0.566406518220901,0.711602449417114
52.2833333333333,0.56867307027181,0.665591506958008,0.563211143016815,0.697101831436157
52.2916666666667,0.568434359232585,0.668495025634766,0.56648325920105,0.700133234262466
52.3,0.567963091532389,0.670127563476562,0.568202376365662,0.701209217309952
52.3083333333333,0.567423858642578,0.671957550048828,0.562012046575546,0.704195886850357
52.3166666666667,0.566948045094808,0.674458618164062,0.560842961072922,0.712781965732574
52.325,0.566436875661214,0.675945281982422,0.557426184415817,0.722382426261902
52.3333333333333,0.56541130065918,0.678151245117187,0.564464151859283,0.709080517292023
52.3416666666667,0.56541130065918,0.678151245117187,0.562539547681808,0.71237525343895
52.35,0.564302819569906,0.680971603393555,0.568427234888077,0.720246225595474
52.3583333333333,0.56364133199056,0.684267349243164,0.567439019680023,0.71648246049881
52.3666666666667,0.562718238830566,0.687804260253906,0.565460503101349,0.70706781744957
52.375,0.561789277394613,0.691122131347656,0.561983495950699,0.716333389282227
52.3833333333333,0.561051635742188,0.693999710083008,0.560714423656464,0.714319467544556
52.3916666666667,0.560237407684326,0.696469955444336,0.560274958610535,0.717494904994965
52.4,0.559262631734212,0.69875,0.576377034187317,0.750692278146744
52.4083333333333,0.557529284159342,0.701289520263672,0.5692218542099,0.787359982728958
52.4166666666667,0.556746877034505,0.704938049316406,0.567653179168701,0.795183837413788
52.425,0.556489410400391,0.708245468139648,0.570581793785095,0.79147857427597
52.4333333333333,0.556479517618815,0.710978240966797,0.572999358177185,0.807659119367599
52.4416666666667,0.556111125946045,0.713806915283203,0.565092742443085,0.794197767972946
52.45,0.555808900197347,0.716380996704101,0.565708965063095,0.807467997074127
52.4583333333333,0.555341237386068,0.719132385253906,0.565579771995544,0.788989394903183
52.4666666666667,0.555045789082845,0.722395248413086,0.562710285186768,0.798138737678528
52.475,0.554775257110596,0.724633560180664,0.568944811820984,0.787987142801285
52.4833333333333,0.554532152811686,0.7270947265625,0.570006132125854,0.79087895154953
52.4916666666667,0.554384479522705,0.729383010864258,0.579473376274109,0.801213681697845
52.5,0.554403845469157,0.731404266357422,0.566780239343643,0.786068648099899
52.5083333333333,0.554297027587891,0.733340835571289,0.579520493745804,0.786755859851837
52.5166666666667,0.554349924723307,0.735585632324219,0.570626258850098,0.787955462932587
52.525,0.554349924723307,0.735585632324219,0.574028134346008,0.780877828598022
52.5333333333333,0.554349924723307,0.735585632324219,0.572299271821976,0.785703957080841
52.5416666666667,0.562839520772298,0.678807678222656,0.57324492931366,0.778334140777588
52.55,0.564845441182454,0.701348876953125,0.571314632892609,0.76635017991066
52.5583333333333,0.565324764251709,0.707961273193359,0.577385038137436,0.777391493320465
52.5666666666667,0.565386428833008,0.710516967773438,0.571994453668594,0.784187197685242
52.575,0.565634396870931,0.711073760986328,0.561890482902527,0.784694969654083
52.5833333333333,0.565884844462077,0.711371612548828,0.569122642278671,0.787918567657471
52.5916666666667,0.565884844462077,0.711371612548828,0.572273403406143,0.779019296169281
52.6,0.565996239980062,0.711812973022461,0.561140418052673,0.777050405740738
52.6083333333333,0.565976950327555,0.713072204589844,0.57946988940239,0.803221732378006
52.6166666666667,0.566116371154785,0.714236221313476,0.565801173448563,0.779909372329712
52.625,0.56612912495931,0.715439224243164,0.571670264005661,0.782235473394394
52.6333333333333,0.566163673400879,0.717210311889648,0.572637110948563,0.78344190120697
52.6416666666667,0.566614799499512,0.720431289672851,0.557753711938858,0.788413554430008
52.65,0.56715586344401,0.723313903808594,0.56698152422905,0.786821067333221
52.6583333333333,0.567625617980957,0.725275421142578,0.564749419689178,0.800380080938339
52.6666666666667,0.568163401285807,0.727423706054688,0.580066233873367,0.776371419429779
52.675,0.568821887969971,0.728985366821289,0.562720477581024,0.78449735045433
52.6833333333333,0.569288724263509,0.730294494628906,0.570541530847549,0.781960844993591
52.6916666666667,0.569288724263509,0.730294494628906,0.56554701924324,0.7902492582798
52.7,0.569288724263509,0.730294494628906,0.565658867359161,0.7810398042202
52.7083333333333,0.569288724263509,0.730294494628906,0.571959048509598,0.785521179437637
52.7166666666667,0.571451733907064,0.710424270629883,0.57148215174675,0.783384472131729
52.725,0.574014561971029,0.734766998291016,0.567290633916855,0.788055539131165
52.7333333333333,0.57345085144043,0.742358779907227,0.567476540803909,0.788330495357513
52.7416666666667,0.57345085144043,0.742358779907227,0.561290740966797,0.779862761497498
52.75,0.57345085144043,0.742358779907227,0.571929663419724,0.779526650905609
52.7583333333333,0.57345085144043,0.742358779907227,0.569667130708694,0.781823098659515
52.7666666666667,0.57345085144043,0.742358779907227,0.5727259516716,0.783844441175461
52.775,0.576434389750163,0.719651031494141,0.560363322496414,0.804474353790283
52.7833333333333,0.576435966491699,0.741965866088867,0.566937565803528,0.790177881717682
52.7916666666667,0.576435966491699,0.741965866088867,0.576236367225647,0.787556529045105
52.8,0.576435966491699,0.741965866088867,0.580057799816132,0.777867406606674
52.8083333333333,0.576435966491699,0.741965866088867,0.568099826574326,0.787542521953583
52.8166666666667,0.576435966491699,0.741965866088867,0.572745501995087,0.774454563856125
52.825,0.576435966491699,0.741965866088867,0.568474799394608,0.788182377815247
52.8333333333333,0.576435966491699,0.741965866088867,0.565848588943481,0.789188146591187
52.8416666666667,0.576435966491699,0.741965866088867,0.575947701931,0.788840055465698
52.85,0.576435966491699,0.741965866088867,0.571560621261597,0.791613698005676
52.8583333333333,0.576435966491699,0.741965866088867,0.567973375320435,0.785750329494476
52.8666666666667,0.576435966491699,0.741965866088867,0.568247884511948,0.797607600688934
52.875,0.576435966491699,0.741965866088867,0.573024243116379,0.795871764421463
52.8833333333333,0.576435966491699,0.741965866088867,0.58175265789032,0.776550114154816
52.8916666666667,0.576435966491699,0.741965866088867,0.571442902088165,0.806750655174255
52.9,0.576435966491699,0.741965866088867,0.578278541564941,0.794753462076187
52.9083333333333,0.576435966491699,0.741965866088867,0.577812969684601,0.786071270704269
52.9166666666667,0.576435966491699,0.741965866088867,0.570990055799484,0.795237928628922
52.925,0.576435966491699,0.741965866088867,0.580943584442139,0.782365500926971
52.9333333333333,0.576435966491699,0.741965866088867,0.571673482656479,0.779288738965988
52.9416666666667,0.576435966491699,0.741965866088867,0.568121045827866,0.788720488548279
52.95,0.576435966491699,0.741965866088867,0.571144551038742,0.792199552059174
52.9583333333333,0.576435966491699,0.741965866088867,0.563633739948273,0.807950466871262
52.9666666666667,0.576435966491699,0.741965866088867,0.570095390081406,0.801417857408524
52.975,0.576435966491699,0.741965866088867,0.57641464471817,0.80275571346283
52.9833333333333,0.576435966491699,0.741965866088867,0.573700100183487,0.810305505990982
52.9916666666667,0.576435966491699,0.741965866088867,0.569730907678604,0.808907359838486
53,0.576435966491699,0.741965866088867,0.562607318162918,0.808682501316071
53.0083333333333,0.576435966491699,0.741965866088867,0.568180322647095,0.799423694610596
53.0166666666667,0.576435966491699,0.741965866088867,0.564783304929733,0.798242062330246
53.025,0.576435966491699,0.741965866088867,0.577535390853882,0.796156108379364
53.0333333333333,0.576435966491699,0.741965866088867,0.564407080411911,0.798227697610855
53.0416666666667,0.576435966491699,0.741965866088867,0.571014612913132,0.78426206111908
53.05,0.576435966491699,0.741965866088867,0.579521924257278,0.77321669459343
53.0583333333333,0.576435966491699,0.741965866088867,0.580155402421951,0.782655149698257
53.0666666666667,0.576435966491699,0.741965866088867,0.577893793582916,0.773018181324005
53.075,0.576435966491699,0.741965866088867,0.571824133396149,0.788159430027008
53.0833333333333,0.576435966491699,0.741965866088867,0.587307870388031,0.782194525003433
53.0916666666667,0.576435966491699,0.741965866088867,0.574262171983719,0.782778024673462
53.1,0.576435966491699,0.741965866088867,0.57696858048439,0.781847536563873
53.1083333333333,0.576435966491699,0.741965866088867,0.578552007675171,0.781378477811813
53.1166666666667,0.576435966491699,0.741965866088867,0.572181433439255,0.783632755279541
53.125,0.576435966491699,0.741965866088867,0.57206329703331,0.782909005880356
53.1333333333333,0.576435966491699,0.741965866088867,0.572016179561615,0.792480260133743
53.1416666666667,0.576435966491699,0.741965866088867,0.574353188276291,0.792746841907501
53.15,0.576435966491699,0.741965866088867,0.571977645158768,0.785493850708008
53.1583333333333,0.576435966491699,0.741965866088867,0.576750427484512,0.769540905952454
53.1666666666667,0.576435966491699,0.741965866088867,0.57242813706398,0.775498926639557
53.175,0.576435966491699,0.741965866088867,0.58690270781517,0.792029440402985
53.1833333333333,0.576435966491699,0.741965866088867,0.579818785190582,0.784379243850708
53.1916666666667,0.576435966491699,0.741965866088867,0.578245311975479,0.787450909614563
53.2,0.576435966491699,0.741965866088867,0.583465546369553,0.785710573196411
53.2083333333333,0.576435966491699,0.741965866088867,0.58330836892128,0.793576806783676
53.2166666666667,0.576435966491699,0.741965866088867,0.581408888101578,0.786060124635696
53.225,0.576435966491699,0.741965866088867,0.584415286779404,0.792668402194977
53.2333333333333,0.576435966491699,0.741965866088867,0.569763749837875,0.78389835357666
53.2416666666667,0.576435966491699,0.741965866088867,0.574293226003647,0.784819692373276
53.25,0.576435966491699,0.741965866088867,0.578509271144867,0.777895629405975
53.2583333333333,0.576435966491699,0.741965866088867,0.580955296754837,0.785149276256561
53.2666666666667,0.576435966491699,0.741965866088867,0.573323547840118,0.784675806760788
53.275,0.576435966491699,0.741965866088867,0.576131075620651,0.775704056024551
53.2833333333333,0.576435966491699,0.741965866088867,0.573971331119537,0.784710228443146
53.2916666666667,0.576435966491699,0.741965866088867,0.574144303798676,0.784067034721375
53.3,0.576435966491699,0.741965866088867,0.579018592834473,0.782999366521835
53.3083333333333,0.576435966491699,0.741965866088867,0.584824323654175,0.786375552415848
53.3166666666667,0.576435966491699,0.741965866088867,0.576890617609024,0.781675338745117
53.325,0.576435966491699,0.741965866088867,0.572121649980545,0.773582518100739
53.3333333333333,0.576435966491699,0.741965866088867,0.570748448371887,0.785005509853363
53.3416666666667,0.576435966491699,0.741965866088867,0.571889877319336,0.778509050607681
53.35,0.576435966491699,0.741965866088867,0.582654565572739,0.782852083444595
53.3583333333333,0.576435966491699,0.741965866088867,0.576923131942749,0.769233852624893
53.3666666666667,0.576435966491699,0.741965866088867,0.575316548347473,0.785979986190796
53.375,0.576435966491699,0.741965866088867,0.567437827587128,0.783275932073593
53.3833333333333,0.576435966491699,0.741965866088867,0.573899328708649,0.781138122081757
53.3916666666667,0.576435966491699,0.741965866088867,0.569568306207657,0.784262388944626
53.4,0.576435966491699,0.741965866088867,0.577435672283173,0.778855621814728
53.4083333333333,0.576435966491699,0.741965866088867,0.578349143266678,0.759657442569733
53.4166666666667,0.576435966491699,0.741965866088867,0.583656489849091,0.788417756557465
53.425,0.576435966491699,0.741965866088867,0.575278162956238,0.782548695802689
53.4333333333333,0.576435966491699,0.741965866088867,0.576074779033661,0.766765177249908
53.4416666666667,0.576435966491699,0.741965866088867,0.583238363265991,0.780198812484741
53.45,0.576435966491699,0.741965866088867,0.586389034986496,0.778239667415619
53.4583333333333,0.576435966491699,0.741965866088867,0.576290458440781,0.785713940858841
53.4666666666667,0.576435966491699,0.741965866088867,0.569362640380859,0.774996638298035
53.475,0.576435966491699,0.741965866088867,0.589194715023041,0.771883428096771
53.4833333333333,0.576435966491699,0.741965866088867,0.572969853878021,0.777312576770782
53.4916666666667,0.576435966491699,0.741965866088867,0.574246913194656,0.782179921865463
53.5,0.576435966491699,0.741965866088867,0.573700159788132,0.773919999599457
53.5083333333333,0.576435966491699,0.741965866088867,0.583063036203384,0.783349633216858
53.5166666666667,0.576435966491699,0.741965866088867,0.577503800392151,0.783430635929108
53.525,0.576435966491699,0.741965866088867,0.575286686420441,0.778274238109589
53.5333333333333,0.576435966491699,0.741965866088867,0.564383327960968,0.787827253341675
53.5416666666667,0.576435966491699,0.741965866088867,0.569859772920609,0.772997498512268
53.55,0.576435966491699,0.741965866088867,0.567961782217026,0.783612459897995
53.5583333333333,0.576435966491699,0.741965866088867,0.579538643360138,0.77793824672699
53.5666666666667,0.576435966491699,0.741965866088867,0.574856758117676,0.785612225532532
53.575,0.576435966491699,0.741965866088867,0.575104713439941,0.778226733207703
53.5833333333333,0.576435966491699,0.741965866088867,0.569397479295731,0.768778175115585
53.5916666666667,0.576435966491699,0.741965866088867,0.569170147180557,0.764654874801636
53.6,0.576435966491699,0.741965866088867,0.571972668170929,0.776871174573898
53.6083333333333,0.576435966491699,0.741965866088867,0.570728451013565,0.77364781498909
53.6166666666667,0.576435966491699,0.741965866088867,0.582620799541473,0.77594855427742
53.625,0.576435966491699,0.741965866088867,0.568926900625229,0.77297705411911
53.6333333333333,0.576435966491699,0.741965866088867,0.580551087856293,0.773686826229095
53.6416666666667,0.576435966491699,0.741965866088867,0.592926234006882,0.725982367992401
53.65,0.576435966491699,0.741965866088867,0.605689018964767,0.667742043733597
53.6583333333333,0.576435966491699,0.741965866088867,0.615224003791809,0.642200291156769
53.6666666666667,0.576435966491699,0.741965866088867,0.625086545944214,0.607184588909149
53.675,0.576435966491699,0.741965866088867,0.640033781528473,0.596205443143845
53.6833333333333,0.576435966491699,0.741965866088867,0.634555280208588,0.591259926557541
53.6916666666667,0.576435966491699,0.741965866088867,0.626623302698135,0.604987978935242
53.7,0.576435966491699,0.741965866088867,0.633618056774139,0.600948423147202
53.7083333333333,0.576435966491699,0.741965866088867,0.628810912370682,0.594556003808975
53.7166666666667,0.576435966491699,0.741965866088867,0.630268096923828,0.598101109266281
53.725,0.576435966491699,0.741965866088867,0.630042999982834,0.600380331277847
53.7333333333333,0.576435966491699,0.741965866088867,0.628819048404694,0.594571083784103
53.7416666666667,0.576435966491699,0.741965866088867,0.628826498985291,0.592866659164429
53.75,0.576435966491699,0.741965866088867,0.626464992761612,0.603100061416626
53.7583333333333,0.576435966491699,0.741965866088867,0.63419896364212,0.591678351163864
53.7666666666667,0.576435966491699,0.741965866088867,0.631657540798187,0.602968692779541
53.775,0.576435966491699,0.741965866088867,0.634736508131027,0.60250797867775
53.7833333333333,0.576435966491699,0.741965866088867,0.633404046297073,0.601633489131927
53.7916666666667,0.576435966491699,0.741965866088867,0.635367959737778,0.598779082298279
53.8,0.576435966491699,0.741965866088867,0.629335314035416,0.601735979318619
53.8083333333333,0.576435966491699,0.741965866088867,0.637708216905594,0.593039304018021
53.8166666666667,0.576435966491699,0.741965866088867,0.631313651800156,0.601118266582489
53.825,0.576435966491699,0.741965866088867,0.630303233861923,0.598107993602753
53.8333333333333,0.576435966491699,0.741965866088867,0.632831335067749,0.602840214967728
53.8416666666667,0.576435966491699,0.741965866088867,0.637616276741028,0.598594039678574
53.85,0.576435966491699,0.741965866088867,0.629623055458069,0.600139766931534
53.8583333333333,0.576435966491699,0.741965866088867,0.632896542549133,0.596638232469559
53.8666666666667,0.576435966491699,0.741965866088867,0.630143165588379,0.603713572025299
53.875,0.576435966491699,0.741965866088867,0.635869115591049,0.599131405353546
53.8833333333333,0.576435966491699,0.741965866088867,0.628565728664398,0.592199146747589
53.8916666666667,0.576435966491699,0.741965866088867,0.629044532775879,0.598368227481842
53.9,0.576435966491699,0.741965866088867,0.628882080316544,0.592321306467056
53.9083333333333,0.576435966491699,0.741965866088867,0.654888987541199,0.510138005018234
53.9166666666667,0.576435966491699,0.741965866088867,0.648023873567581,0.433542311191559
53.925,0.576435966491699,0.741965866088867,0.651149809360504,0.404808670282364
53.9333333333333,0.576435966491699,0.741965866088867,0.658870995044708,0.374515280127525
53.9416666666667,0.576435966491699,0.741965866088867,0.661575645208359,0.39356803894043
53.95,0.576435966491699,0.741965866088867,0.65699976682663,0.382805302739143
53.9583333333333,0.576435966491699,0.741965866088867,0.658248454332352,0.38659343123436
53.9666666666667,0.576435966491699,0.741965866088867,0.664977997541428,0.39511476457119
53.975,0.576435966491699,0.741965866088867,0.659334897994995,0.39096400141716
53.9833333333333,0.576435966491699,0.741965866088867,0.660430163145065,0.40442468225956
53.9916666666667,0.576435966491699,0.741965866088867,0.65729421377182,0.388670727610588
54,0.576435966491699,0.741965866088867,0.665004700422287,0.394552513957024
54.0083333333333,0.576435966491699,0.741965866088867,0.656831562519073,0.394479870796204
54.0166666666667,0.576435966491699,0.741965866088867,0.659883677959442,0.392172917723656
54.025,0.593129399617513,0.655980758666992,0.660855710506439,0.394674986600876
54.0333333333333,0.591243019104004,0.678213272094726,0.649939596652985,0.399073123931885
54.0416666666667,0.591586443583171,0.681921691894531,0.659953325986862,0.383229210972786
54.05,0.591943600972493,0.683343734741211,0.661859661340714,0.394868865609169
54.0583333333333,0.592228940327962,0.681385803222656,0.6576928794384,0.39957495033741
54.0666666666667,0.593320821126302,0.678182220458984,0.661300003528595,0.393282026052475
54.075,0.593994738260905,0.676861267089844,0.651789605617523,0.385539904236794
54.0833333333333,0.594647566477458,0.676061782836914,0.655701607465744,0.384256720542908
54.0916666666667,0.595391502380371,0.674753265380859,0.659425616264343,0.374892830848694
54.1,0.595892912546794,0.676579742431641,0.656594783067703,0.391611129045486
54.1083333333333,0.595892912546794,0.676579742431641,0.656615912914276,0.386864125728607
54.1166666666667,0.597409756978353,0.676918334960938,0.659291476011276,0.387040361762047
54.125,0.599055455525716,0.673513565063476,0.659055769443512,0.387489169836044
54.1333333333333,0.600348529815674,0.670074005126953,0.655170023441315,0.395134583115578
54.1416666666667,0.602046966552734,0.666219787597656,0.651930689811707,0.390426188707352
54.15,0.60359312693278,0.662909393310547,0.653929144144058,0.394228026270866
54.1583333333333,0.605118389129639,0.658365325927734,0.65550309419632,0.401481121778488
54.1666666666667,0.606462548573812,0.654459838867188,0.650204300880432,0.393780529499054
54.175,0.607969729105632,0.651279983520508,0.66068509221077,0.385105356574059
54.1833333333333,0.609514808654785,0.64778076171875,0.655363440513611,0.392325773835182
54.1916666666667,0.610726331075033,0.643153686523438,0.653550267219543,0.387892663478851
54.2,0.61218204498291,0.638690185546875,0.657781809568405,0.385664314031601
54.2083333333333,0.61388853708903,0.633212509155273,0.652650624513626,0.37944521009922
54.2166666666667,0.6156267674764,0.627703094482422,0.660049021244049,0.383519127964973
54.225,0.618587951660156,0.619447937011719,0.662555545568466,0.386808440089226
54.2333333333333,0.619947865804036,0.612165832519531,0.657634317874908,0.394426241517067
54.2416666666667,0.62100648244222,0.604521865844727,0.660745173692703,0.387899115681648
54.25,0.622043291727702,0.59886360168457,0.655617713928223,0.385406285524368
54.2583333333333,0.62287296295166,0.593522262573242,0.657286584377289,0.389715537428856
54.2666666666667,0.623747380574544,0.587911834716797,0.6587975025177,0.381657525897026
54.275,0.624621734619141,0.583425750732422,0.658518671989441,0.387525334954262
54.2833333333333,0.625329132080078,0.579450454711914,0.658425569534302,0.38771465420723
54.2916666666667,0.625998153686523,0.575746688842773,0.655389577150345,0.400606870651245
54.3,0.626694946289063,0.5718994140625,0.657188892364502,0.361615866422653
54.3083333333333,0.627697842915853,0.567910308837891,0.662790358066559,0.345073580741882
54.3166666666667,0.628262736002604,0.563160018920899,0.666909247636795,0.332334160804749
54.325,0.629065424601237,0.558835754394531,0.672785878181458,0.32787561416626
54.3333333333333,0.629700724283854,0.554136734008789,0.671253770589828,0.325137481093407
54.3416666666667,0.630102284749349,0.550294570922852,0.667771488428116,0.335100889205933
54.35,0.630409711201986,0.546656723022461,NaN,NaN
54.3583333333333,0.630759302775065,0.543080825805664,NaN,NaN
54.3666666666667,0.630995623270671,0.538956069946289,NaN,NaN
54.375,0.631281941731771,0.534195175170898,NaN,NaN
54.3833333333333,0.631281941731771,0.534195175170898,NaN,NaN
54.3916666666667,0.631638031005859,0.528938369750977,NaN,NaN
54.4,0.632033259073893,0.523438262939453,NaN,NaN
54.4083333333333,0.632341779073079,0.51895378112793,NaN,NaN
54.4166666666667,0.632590535481771,0.514480056762695,NaN,NaN
54.425,0.632797813415527,0.509484176635742,NaN,NaN
54.4333333333333,0.632757873535156,0.504454498291016,NaN,NaN
54.4416666666667,0.632686436971029,0.501920852661133,NaN,NaN
54.45,0.632818323771159,0.49949821472168,NaN,NaN
54.4583333333333,0.632637430826823,0.497227783203125,NaN,NaN
54.4666666666667,0.632309315999349,0.494621810913086,NaN,NaN
54.475,0.632190424601237,0.492091674804688,NaN,NaN
54.4833333333333,0.63222053527832,0.490217590332031,NaN,NaN
54.4916666666667,0.632877197265625,0.484805145263672,NaN,NaN
54.5,0.633373641967773,0.483922348022461,NaN,NaN
54.5083333333333,0.633728192647298,0.483851852416992,NaN,NaN
54.5166666666667,0.6339666112264,0.482511672973633,NaN,NaN
54.525,0.634057769775391,0.480447387695312,NaN,NaN
54.5333333333333,0.6341029103597,0.477760009765625,NaN,NaN
54.5416666666667,0.634090016682943,0.475383758544922,NaN,NaN
54.55,0.633976783752441,0.473367385864258,NaN,NaN
54.5583333333333,0.633594627380371,0.471816024780273,NaN,NaN
54.5666666666667,0.633215471903483,0.471153564453125,NaN,NaN
54.575,0.632236442565918,0.471449890136719,NaN,NaN
54.5833333333333,0.63101370493571,0.471187973022461,NaN,NaN
54.5916666666667,0.630253067016602,0.470586929321289,NaN,NaN
54.6,0.629992548624674,0.469584732055664,NaN,NaN
54.6083333333333,0.629937871297201,0.468251571655273,NaN,NaN
54.6166666666667,0.629924558003743,0.46787956237793,NaN,NaN
54.625,0.629531326293945,0.468642730712891,NaN,NaN
54.6333333333333,0.628962186177572,0.469191741943359,NaN,NaN
54.6416666666667,0.628357060750325,0.470325317382812,NaN,NaN
54.65,0.628357060750325,0.470325317382812,NaN,NaN
54.6583333333333,0.627467079162598,0.471563339233398,NaN,NaN
54.6666666666667,0.626731389363607,0.472665786743164,NaN,NaN
54.675,0.625952707926432,0.473387451171875,NaN,NaN
54.6833333333333,0.62537707010905,0.474260635375977,NaN,NaN
54.6916666666667,0.62494083404541,0.474525527954102,NaN,NaN
54.7,0.624676933288574,0.4741015625,NaN,NaN
54.7083333333333,0.62445255279541,0.474736709594727,NaN,NaN
54.7166666666667,0.624321416219076,0.475197906494141,NaN,NaN
54.725,0.624314320882161,0.475472412109375,NaN,NaN
54.7333333333333,0.624265111287435,0.476143112182617,NaN,NaN
54.7416666666667,0.624214096069336,0.476871948242187,NaN,NaN
54.75,0.624443995157878,0.477873077392578,NaN,NaN
54.7583333333333,0.624369405110677,0.478310775756836,NaN,NaN
54.7666666666667,0.624395866394043,0.479184265136719,NaN,NaN
54.775,0.624723561604818,0.480436859130859,NaN,NaN
54.7833333333333,0.625001157124837,0.481359176635742,NaN,NaN
54.7916666666667,0.625605977376302,0.482554473876953,NaN,NaN
54.8,0.626574948628744,0.484237823486328,NaN,NaN
54.8083333333333,0.627169774373372,0.485755081176758,NaN,NaN
54.8166666666667,0.627673810323079,0.487105255126953,NaN,NaN
54.825,0.627673810323079,0.487105255126953,NaN,NaN
54.8333333333333,0.628601112365723,0.488279037475586,NaN,NaN
54.8416666666667,0.629415817260742,0.489674301147461,NaN,NaN
54.85,0.629953829447428,0.491424560546875,NaN,NaN
54.8583333333333,0.630755386352539,0.493611373901367,NaN,NaN
54.8666666666667,0.631751047770182,0.495513305664062,NaN,NaN
54.875,0.632854080200195,0.497434539794922,NaN,NaN
54.8833333333333,0.634084103902181,0.49913459777832,NaN,NaN
54.8916666666667,0.635453491210938,0.501007537841797,NaN,NaN
54.9,0.63688107808431,0.502646942138672,NaN,NaN
54.9083333333333,0.638438351949056,0.504655227661133,NaN,NaN
54.9166666666667,0.639711697896322,0.505944137573242,NaN,NaN
54.925,0.641209398905436,0.50601936340332,NaN,NaN
54.9333333333333,0.644717699686686,0.505943984985352,NaN,NaN
54.9416666666667,0.646561584472656,0.503370590209961,NaN,NaN
54.95,0.646561584472656,0.503370590209961,NaN,NaN
54.9583333333333,0.648464635213216,0.50885383605957,NaN,NaN
54.9666666666667,0.65020076751709,0.509803848266602,NaN,NaN
54.975,0.65169116973877,0.514211349487305,NaN,NaN
54.9833333333333,0.653214314778646,0.515364608764648,NaN,NaN
54.9916666666667,0.65452875773112,0.518177642822266,NaN,NaN
55,0.655828272501628,0.520901260375977,NaN,NaN
55.0083333333333,0.657262674967448,0.521934509277344,NaN,NaN
55.0166666666667,0.6588263575236,0.522414093017578,NaN,NaN
55.025,0.660654805501302,0.525038909912109,NaN,NaN
55.0333333333333,0.661668446858724,0.52706657409668,0.570631921291351,0.803610771894455
55.0416666666667,0.662603378295898,0.531517715454102,0.566001921892166,0.805031567811966
55.05,0.663250147501628,0.536447372436524,0.576914519071579,0.801063984632492
55.0583333333333,0.663885116577148,0.541716079711914,0.58003181219101,0.803844720125198
55.0666666666667,0.664778493245443,0.547079162597656,0.571948379278183,0.799351930618286
55.075,0.665425186157227,0.549815139770508,0.598281562328339,0.830572754144669
55.0833333333333,0.665421269734701,0.55366569519043,0.573017299175262,0.810077965259552
55.0916666666667,0.665715446472168,0.557707977294922,0.567303240299225,0.801090568304062
55.1,0.666070251464844,0.560687637329102,0.577805638313293,0.806507229804993
55.1083333333333,0.666018702189128,0.563989562988281,0.571402698755264,0.803572207689285
55.1166666666667,0.665889078776042,0.567348403930664,0.582113057374954,0.80756601691246
55.125,0.665894304911296,0.57059455871582,0.576266348361969,0.811746716499329
55.1333333333333,0.666060078938802,0.573818130493164,0.573174476623535,0.813336133956909
55.1416666666667,0.666291529337565,0.575867919921875,0.570981860160828,0.808393806219101
55.15,0.666450017293294,0.578895645141602,0.584040194749832,0.800650894641876
55.1583333333333,0.666735534667969,0.583104705810547,0.532403230667114,0.77595391869545
55.1666666666667,0.667041308085124,0.586459121704102,0.566578060388565,0.748652696609497
55.175,0.667501932779948,0.588283996582031,0.556915938854218,0.736310511827469
55.1833333333333,0.667951647440592,0.59172721862793,0.55522233247757,0.73237544298172
55.1916666666667,0.668695271809896,0.595139236450195,0.553988009691238,0.74457386136055
55.2,0.669025726318359,0.598370056152344,0.565827429294586,0.733141511678696
55.2083333333333,0.669614969889323,0.601129150390625,0.555747836828232,0.748854160308838
55.2166666666667,0.670489018758138,0.603243942260742,0.550942569971085,0.738291889429092
55.225,0.671618258158366,0.605788040161133,0.563238531351089,0.743898928165436
55.2333333333333,0.672833646138509,0.608135604858398,0.552284985780716,0.742858678102493
55.2416666666667,0.673820037841797,0.610579223632812,0.554876953363419,0.733751118183136
55.25,0.675075378417969,0.613160629272461,0.574492335319519,0.741808712482452
55.2583333333333,0.67661989847819,0.616360855102539,0.561692237854004,0.73743212223053
55.2666666666667,0.677836201985677,0.619599151611328,0.558139115571976,0.745882242918015
55.275,0.678787460327148,0.622134628295898,0.563274949789047,0.753469169139862
55.2833333333333,0.67976442972819,0.624615173339844,0.554454356431961,0.73712569475174
55.2916666666667,0.680899442036947,0.626798095703125,0.546222448348999,0.747257590293884
55.3,0.682142372131348,0.628741912841797,0.567858576774597,0.741598546504974
55.3083333333333,0.683248596191406,0.630720672607422,0.561082005500793,0.744463980197906
55.3166666666667,0.683926340738932,0.632741928100586,0.562137186527252,0.750951796770096
55.325,0.684453353881836,0.634878921508789,0.569920361042023,0.722963929176331
55.3333333333333,0.684984194437663,0.637076721191406,0.553560733795166,0.731455534696579
55.3416666666667,0.685529149373372,0.638987808227539,0.567959070205688,0.743089616298676
55.35,0.685926144917806,0.640570678710938,0.576982051134109,0.735442817211151
55.3583333333333,0.686455841064453,0.641798477172852,0.561754316091537,0.735016494989395
55.3666666666667,0.686957028706868,0.642469482421875,0.563150584697723,0.736545860767365
55.375,0.687307001749675,0.642848815917969,0.556909412145615,0.729562520980835
55.3833333333333,0.687775192260742,0.643023300170898,0.555099368095398,0.731624096632004
55.3916666666667,0.688110059102376,0.643088912963867,0.554559320211411,0.741986453533173
55.4,0.688387514750163,0.643019714355469,0.559397637844086,0.741531401872635
55.4083333333333,0.688608881632487,0.642918090820312,0.563144832849503,0.741733342409134
55.4166666666667,0.688902435302734,0.642907638549805,0.553930997848511,0.729847729206085
55.425,0.689297383626302,0.642817535400391,0.552645534276962,0.731509387493134
55.4333333333333,0.689675420125325,0.642760696411133,0.555860459804535,0.75675031542778
55.4416666666667,0.690150858561198,0.642716064453125,0.584280431270599,0.771860897541046
55.45,0.690743586222331,0.642523193359375,0.576706290245056,0.764538884162903
55.4583333333333,0.691382052103678,0.642135467529297,0.592138409614563,0.778742045164108
55.4666666666667,0.69195930480957,0.641964950561523,0.568460643291473,0.779203921556473
55.475,0.692560373942057,0.641809539794922,0.581660687923431,0.765042334794998
55.4833333333333,0.693215268452962,0.641654968261719,0.575401604175568,0.776416331529617
55.4916666666667,0.69384033203125,0.642126083374023,0.565377563238144,0.783852964639664
55.5,0.694541422526042,0.642696380615234,0.593527764081955,0.770856589078903
55.5083333333333,0.695268109639486,0.643075485229492,0.582125902175903,0.767444849014282
55.5166666666667,0.696138064066569,0.643281173706055,0.573340833187103,0.774062693119049
55.525,0.697037531534831,0.64339729309082,0.580633133649826,0.781019628047943
55.5333333333333,0.697794532775879,0.64378059387207,0.571067482233047,0.782607942819595
55.5416666666667,0.698626251220703,0.644004592895508,0.589799970388412,0.774536907672882
55.55,0.699629847208659,0.644692077636719,0.598009675741196,0.769999325275421
55.5583333333333,0.700531565348307,0.645536041259766,0.58388078212738,0.792900145053864
55.5666666666667,0.701412760416667,0.646877975463867,0.590000838041306,0.773921340703964
55.575,0.702426719665527,0.648121337890625,0.580119997262955,0.77071949839592
55.5833333333333,0.703193868001302,0.649701843261719,0.566867649555206,0.773490279912949
55.5916666666667,0.704082946777344,0.650964660644531,0.578264862298965,0.77361199259758
55.6,0.704895426432292,0.651923522949219,0.578703314065933,0.789395660161972
55.6083333333333,0.705886522928874,0.652781066894531,0.574572771787643,0.774716466665268
55.6166666666667,0.706976572672526,0.653609390258789,0.589238792657852,0.791168004274368
55.625,0.707911427815755,0.654697113037109,0.57933321595192,0.784333288669586
55.6333333333333,0.708775736490885,0.655583190917969,0.581308782100677,0.783459722995758
55.6416666666667,0.709623540242513,0.656445083618164,0.575510501861572,0.788125067949295
55.65,0.710379231770833,0.657196044921875,0.586530178785324,0.769834518432617
55.6583333333333,0.711036376953125,0.658068618774414,0.583913058042526,0.766320914030075
55.6666666666667,0.71145575205485,0.65925537109375,0.588290572166443,0.763631254434586
55.675,0.711935501098633,0.660278396606445,0.587312012910843,0.777716249227524
55.6833333333333,0.712502810160319,0.661749114990234,0.590628892183304,0.775156795978546
55.6916666666667,0.713240483601888,0.662644348144531,0.586122840642929,0.767485350370407
55.7,0.713513641357422,0.663162078857422,0.586085349321365,0.767355710268021
55.7083333333333,0.713425445556641,0.664259033203125,0.589986652135849,0.790404587984085
55.7166666666667,0.713491872151693,0.665127716064453,0.587419211864471,0.762862533330917
55.725,0.713526509602865,0.665948028564453,0.593560665845871,0.759535878896713
55.7333333333333,0.71362050374349,0.66659423828125,0.591588377952576,0.76205387711525
55.7416666666667,0.713612823486328,0.667639541625977,0.580011755228043,0.781542330980301
55.75,0.71374755859375,0.668337554931641,0.584141045808792,0.759515076875687
55.7583333333333,0.713825302124023,0.668981628417969,0.585120350122452,0.769874304533005
55.7666666666667,0.713872528076172,0.669783248901367,0.589495003223419,0.770374685525894
55.775,0.714019368489583,0.670481491088867,0.593003958463669,0.768785506486893
55.7833333333333,0.714048233032227,0.671462326049805,0.582114726305008,0.784034609794617
55.7916666666667,0.714044469197591,0.672303466796875,0.605795055627823,0.773610770702362
55.8,0.713947525024414,0.672859115600586,0.589260667562485,0.772529602050781
55.8083333333333,0.713753178914388,0.673523864746094,0.583222776651382,0.780892312526703
55.8166666666667,0.713482106526693,0.674095230102539,0.603972315788269,0.754444420337677
55.825,0.713252105712891,0.674567642211914,0.606360852718353,0.764873147010803
55.8333333333333,0.713083190917969,0.674781188964844,0.600645691156387,0.764817774295807
55.8416666666667,0.712701810201009,0.675164184570312,0.608018666505814,0.754970669746399
55.85,0.712322006225586,0.675561904907227,0.600031048059464,0.754227221012115
55.8583333333333,0.712049077351888,0.675809020996094,0.608117491006851,0.753068119287491
55.8666666666667,0.71162036895752,0.676072235107422,0.579424947500229,0.775778472423553
55.875,0.711089642842611,0.676152801513672,0.61699977517128,0.76019611954689
55.8833333333333,0.71059191385905,0.67600341796875,0.665844202041626,0.716368854045868
55.8916666666667,0.709977696736654,0.676022109985352,0.680914998054504,0.69673627614975
55.9,0.709146626790365,0.676421432495117,0.705898344516754,0.691632091999054
55.9083333333333,0.708390070597331,0.676660766601562,0.705531746149063,0.689448118209839
55.9166666666667,0.70764394124349,0.676597671508789,0.712401121854782,0.699950248003006
55.925,0.706861101786296,0.676495513916016,0.702821582555771,0.696580618619919
55.9333333333333,0.705879491170247,0.676712493896484,0.707641512155533,0.686121374368668
55.9416666666667,0.705879491170247,0.676712493896484,0.712476015090942,0.694109380245209
55.95,0.70521250406901,0.67634391784668,0.69898247718811,0.695053994655609
55.9583333333333,0.704559961954753,0.676008758544922,0.696890890598297,0.697862535715103
55.9666666666667,0.704028574625651,0.675502166748047,0.701118141412735,0.693748116493225
55.975,0.703447481791178,0.675285949707031,0.699217617511749,0.687376320362091
55.9833333333333,0.702856190999349,0.67537239074707,0.702465891838074,0.684563934803009
55.9916666666667,0.702102076212565,0.675291366577148,0.705770552158356,0.695787519216537
56,0.70124574025472,0.675374908447266,0.707981258630753,0.700217694044113
56.0083333333333,0.700563507080078,0.675312728881836,0.697101026773453,0.689923614263535
56.0166666666667,0.699707514444987,0.675571136474609,0.709537893533707,0.681497901678085
56.025,0.699308331807454,0.675310821533203,0.70787250995636,0.690429121255875
56.0333333333333,0.698864161173503,0.674999313354492,0.708265364170074,0.699209570884705
56.0416666666667,0.698491744995117,0.674575042724609,0.701406538486481,0.698367387056351
56.05,0.698164189656576,0.674343948364258,0.707001268863678,0.70901945233345
56.0583333333333,0.697918930053711,0.67403694152832,0.707994848489761,0.691634893417358
56.0666666666667,0.697535807291667,0.674059677124023,0.703927963972092,0.698875367641449
56.075,0.696745783487956,0.673513031005859,0.701673001050949,0.693043291568756
56.0833333333333,0.696334470113118,0.673263778686523,0.705235868692398,0.6873699426651
56.0916666666667,0.696057790120443,0.673072662353516,0.724310547113419,0.691311001777649
56.1,0.695966873168945,0.672856979370117,0.713519155979156,0.679504632949829
56.1083333333333,0.695885899861654,0.672879257202148,0.709513455629349,0.695719391107559
56.1166666666667,0.696040471394857,0.672569808959961,0.712564021348953,0.694198369979858
56.125,0.696157760620117,0.672522354125977,0.696854114532471,0.694066286087036
56.1333333333333,0.696229909261068,0.672262573242188,0.693403452634811,0.677759855985641
56.1416666666667,0.696269238789876,0.672043609619141,0.680430680513382,0.630782455205917
56.15,0.69641840616862,0.671757354736328,0.642579793930054,0.59820818901062
56.1583333333333,0.696563975016276,0.671527557373047,0.66171470284462,0.578701823949814
56.1666666666667,0.696612345377604,0.671419296264648,0.65303498506546,0.592514723539352
56.175,0.696674016316732,0.670925064086914,0.658689349889755,0.605796039104462
56.1833333333333,0.696666768391927,0.670583190917969,0.664228051900864,0.596751689910889
56.1916666666667,0.696732737223307,0.670058517456055,0.666260331869125,0.583263963460922
56.2,0.69677806854248,0.669955291748047,0.659971684217453,0.595481157302856
56.2083333333333,0.696831499735514,0.669622955322266,0.651031345129013,0.60740852355957
56.2166666666667,0.696910985310872,0.66924919128418,0.662371724843979,0.598434209823608
56.225,0.696984202067057,0.668495407104492,0.665249586105347,0.5923932492733
56.2333333333333,0.69706298828125,0.667785873413086,0.650504440069199,0.601580232381821
56.2416666666667,0.69706298828125,0.667785873413086,0.666850835084915,0.597150832414627
56.25,0.696925837198893,0.666809387207031,0.645393639802933,0.59058478474617
56.2583333333333,0.696741104125977,0.665851058959961,0.643367409706116,0.595324099063873
56.2666666666667,0.696598485310872,0.664967727661133,0.656868547201157,0.593604862689972
56.275,0.696678187052409,0.663479309082031,0.651339530944824,0.592855364084244
56.2833333333333,0.696713511149089,0.661861419677734,0.652525693178177,0.594240188598633
56.2916666666667,0.696324882507324,0.660547714233398,0.649520128965378,0.591429054737091
56.3,0.695950889587402,0.658689041137695,0.651384353637695,0.590529143810272
56.3083333333333,0.695485992431641,0.657149200439453,0.648902893066406,0.594686031341553
56.3166666666667,0.695148239135742,0.655447616577148,0.668783158063889,0.593710511922836
56.325,0.695021413167318,0.653836517333984,0.661247879266739,0.594385057687759
56.3333333333333,0.694908065795898,0.652312088012695,0.66121706366539,0.593098700046539
56.3416666666667,0.694755477905273,0.650825653076172,0.660838037729263,0.596326857805252
56.35,0.694734675089518,0.649093017578125,0.653949588537216,0.589342504739761
56.3583333333333,0.694667091369629,0.647113647460938,0.655406564474106,0.595217525959015
56.3666666666667,0.694517822265625,0.645175857543945,0.667951375246048,0.589161217212677
56.375,0.69439463297526,0.64326530456543,0.662389308214188,0.587207674980164
56.3833333333333,0.69427433013916,0.640932998657227,0.647464632987976,0.593736439943314
56.3916666666667,0.694126739501953,0.638686218261719,0.656728327274323,0.589477151632309
56.4,0.694063313802083,0.636488494873047,0.658089190721512,0.603617072105408
56.4083333333333,0.693972358703613,0.634549255371094,0.648726612329483,0.581286638975143
56.4166666666667,0.693916880289714,0.632622604370117,0.651153743267059,0.589448153972626
56.425,0.693761164347331,0.631043243408203,0.642402499914169,0.600696355104446
56.4333333333333,0.694075775146484,0.62888069152832,0.677728116512299,0.591156125068665
56.4416666666667,0.694075775146484,0.62888069152832,0.73003739118576,0.529998600482941
56.45,0.69434378306071,0.626308975219727,0.761371612548828,0.484792023897171
56.4583333333333,0.694486490885417,0.623982009887695,0.796557724475861,0.454322755336761
56.4666666666667,0.694402643839518,0.622270202636719,0.803933829069138,0.460153013467789
56.475,0.694348526000977,0.620465469360352,0.794068604707718,0.456737518310547
56.4833333333333,0.694235331217448,0.618657608032227,0.789011001586914,0.461778089404106
56.4916666666667,0.694019063313802,0.617056350708008,0.795403271913528,0.457498043775558
56.5,0.693921686808268,0.615486450195313,0.790554791688919,0.471462264657021
56.5083333333333,0.693940887451172,0.613897857666016,0.796332895755768,0.462978437542915
56.5166666666667,0.694050178527832,0.612339782714844,0.787802159786224,0.464946091175079
56.525,0.694054336547852,0.610872650146484,0.7958724796772,0.465923249721527
56.5333333333333,0.69382027943929,0.609624938964844,0.789871484041214,0.46952323615551
56.5416666666667,0.693524576822917,0.608278121948242,0.790351063013077,0.465072423219681
56.55,0.693235219319661,0.607142944335938,0.794898897409439,0.467597037553787
56.5583333333333,0.692841288248698,0.605666275024414,0.785373449325562,0.476908892393112
56.5666666666667,0.69276554107666,0.604077529907227,0.790249943733215,0.467301100492477
56.575,0.692262217203776,0.602894668579102,0.786899328231812,0.469115063548088
56.5833333333333,0.692209650675456,0.601506729125977,0.78853702545166,0.469596713781357
56.5916666666667,0.692161776224772,0.599911193847656,0.790021747350693,0.462352082133293
56.6,0.692127075195312,0.598811111450195,0.792392760515213,0.469421714544296
56.6083333333333,0.692480951944987,0.597990875244141,0.799482226371765,0.471787810325623
56.6166666666667,0.692807846069336,0.597276840209961,0.789267897605896,0.471914142370224
56.625,0.693135515848796,0.597029495239258,0.793779045343399,0.479304626584053
56.6333333333333,0.693135515848796,0.597029495239258,0.773094594478607,0.472155883908272
56.6416666666667,0.693788719177246,0.598958740234375,0.749368697404861,0.475871011614799
56.65,0.694283676147461,0.599508895874023,0.758983433246613,0.474135160446167
56.6583333333333,0.694453239440918,0.599284744262695,0.757220983505249,0.489154785871506
56.6666666666667,0.693807042439779,0.598428039550781,0.750344842672348,0.476701512932777
56.675,0.693840459187826,0.598112564086914,0.754479825496674,0.482178375124931
56.6833333333333,0.694409344991048,0.597322616577148,0.751878827810287,0.481375604867935
56.6916666666667,0.695229568481445,0.596405563354492,0.757005363702774,0.481706380844116
56.7,0.696062850952148,0.595000076293945,0.753770262002945,0.485000312328339
56.7083333333333,0.696750996907552,0.593745574951172,0.758322775363922,0.472923666238785
56.7166666666667,0.697155354817708,0.593165740966797,0.755088597536087,0.481463104486465
56.725,0.697363204956055,0.592322006225586,0.749724566936493,0.485118016600609
56.7333333333333,0.69768809000651,0.591497421264648,0.760153234004974,0.480069667100906
56.7416666666667,0.697976264953613,0.590727920532227,0.752820700407028,0.48101769387722
56.75,0.698418629964193,0.589405288696289,0.756706684827805,0.478692665696144
56.7583333333333,0.699106979370117,0.588255615234375,0.753281593322754,0.480641812086105
56.7666666666667,0.69967165629069,0.586605224609375,0.758771687746048,0.475121825933456
56.775,0.700204264322917,0.584920196533203,0.759385973215103,0.47713828086853
56.7833333333333,0.700729293823242,0.583841247558594,0.756542950868607,0.489242389798164
56.7916666666667,0.701327616373698,0.582098541259766,0.753792941570282,0.476160854101181
56.8,0.702008539835612,0.580233001708984,0.756535172462463,0.495270028710365
56.8083333333333,0.702718518575033,0.578766021728516,0.784807741641998,0.552506297826767
56.8166666666667,0.703252919514974,0.577414627075195,0.785151422023773,0.597578793764114
56.825,0.703801002502441,0.576148071289063,0.79058450460434,0.609695613384247
56.8333333333333,0.704295412699381,0.574868011474609,0.785752981901169,0.605902433395386
56.8416666666667,0.704819831848145,0.573884353637695,0.776193648576736,0.604799419641495
56.85,0.705246594746908,0.573185882568359,0.790049016475677,0.603162735700607
56.8583333333333,0.705593338012695,0.572596282958984,0.781725168228149,0.608384042978287
56.8666666666667,0.70574104309082,0.572345962524414,0.78587082028389,0.59691596031189
56.875,0.705865275065104,0.572204895019531,0.786582708358765,0.597123980522156
56.8833333333333,0.706001866658529,0.571862106323242,0.779627561569214,0.599742710590363
56.8916666666667,0.706308428446452,0.570914764404297,0.784321308135986,0.609522074460983
56.9,0.706799430847168,0.56950553894043,0.781596451997757,0.600045680999756
56.9083333333333,0.707059809366862,0.568735733032227,0.788286089897156,0.597399890422821
56.9166666666667,0.707059809366862,0.568735733032227,0.782882779836655,0.599923998117447
56.925,0.707342885335286,0.567478103637695,0.776203393936157,0.59815725684166
56.9333333333333,0.707729848225911,0.565895156860352,0.778859674930573,0.59857314825058
56.9416666666667,0.708001200358073,0.565101318359375,0.780625283718109,0.605363756418228
56.95,0.708152643839518,0.564659729003906,0.780607342720032,0.603450089693069
56.9583333333333,0.708389002482096,0.564742889404297,0.779697865247726,0.603556960821152
56.9666666666667,0.708600056966146,0.564790954589844,0.787084549665451,0.610759317874908
56.975,0.70875358581543,0.564840087890625,0.784773051738739,0.614468097686768
56.9833333333333,0.708745816548665,0.564913864135742,0.781950235366821,0.619272917509079
56.9916666666667,0.708701108296712,0.565182647705078,0.783025592565536,0.622753500938416
57,0.708729731241862,0.565141754150391,0.785410404205322,0.615636944770813
57.0083333333333,0.708895085652669,0.565237884521484,0.783983498811722,0.617165297269821
57.0166666666667,0.709021860758464,0.565354080200195,0.772396773099899,0.619839072227478
57.025,0.709255231221517,0.56540641784668,0.782159000635147,0.677057445049286
57.0333333333333,0.709435043334961,0.565638885498047,0.78381073474884,0.681875705718994
57.0416666666667,0.709379704793294,0.565990600585937,0.781798154115677,0.712051928043365
57.05,0.709322776794434,0.566429977416992,0.77616810798645,0.693936437368393
57.0583333333333,0.70930170694987,0.566560440063477,0.775360971689224,0.692552238702774
57.0666666666667,0.709336166381836,0.56616569519043,0.781142592430115,0.700053632259369
57.075,0.709376678466797,0.565569152832031,0.7830910384655,0.690707951784134
57.0833333333333,0.709378000895182,0.565104064941406,0.781471878290176,0.69155341386795
57.0916666666667,0.7093603515625,0.565021667480469,0.777235597372055,0.692305028438568
57.1,0.709447174072266,0.564747619628906,0.780988693237305,0.694611757993698
57.1083333333333,0.709569651285807,0.564268951416016,0.784450143575668,0.689088433980942
57.1166666666667,0.70961664835612,0.564181671142578,0.782977819442749,0.69428613781929
57.125,0.709702682495117,0.564550704956055,0.771623283624649,0.688139408826828
57.1333333333333,0.709736544291178,0.56472282409668,0.778882145881653,0.697338849306107
57.1416666666667,0.70974915822347,0.564875106811523,0.779461801052094,0.692943692207336
57.15,0.709817504882812,0.565066680908203,0.781120598316193,0.691633999347687
57.1583333333333,0.709942309061686,0.565598220825195,0.778874605894089,0.689210414886475
57.1666666666667,0.710069580078125,0.565918579101563,0.771670818328857,0.692376911640167
57.175,0.710329996744792,0.565625610351562,0.786081254482269,0.724873960018158
57.1833333333333,0.710578931172689,0.565708084106445,0.7632936835289,0.783589512109756
57.1916666666667,0.710913289388021,0.566076507568359,0.757030010223389,0.763136088848114
57.2,0.711377868652344,0.566389999389648,0.764256983995438,0.778862714767456
57.2083333333333,0.711768862406413,0.567017440795898,0.77073934674263,0.772436559200287
57.2166666666667,0.712274958292643,0.567335662841797,0.766069889068604,0.772522449493408
57.225,0.712694676717122,0.567820281982422,0.764889448881149,0.764383733272552
57.2333333333333,0.713085199991862,0.568366546630859,0.765143156051636,0.763260930776596
57.2416666666667,0.713609746297201,0.569419784545898,0.774360805749893,0.755452364683151
57.25,0.71432851155599,0.569922943115234,0.75848376750946,0.757937610149384
57.2583333333333,0.715149383544922,0.570117034912109,0.766236960887909,0.759145826101303
57.2666666666667,0.716598485310872,0.571339797973633,0.767178654670715,0.760788470506668
57.275,0.717671407063802,0.572204818725586,0.770541727542877,0.759516268968582
57.2833333333333,0.718661041259766,0.572472686767578,0.772983998060226,0.761921793222427
57.2916666666667,0.719474792480469,0.572621994018555,0.770823508501053,0.760585397481918
57.3,0.719992828369141,0.573092956542969,0.77483931183815,0.767800062894821
57.3083333333333,0.720773366292318,0.573071517944336,0.774932414293289,0.768253564834595
57.3166666666667,0.721422271728516,0.572509155273437,0.77338519692421,0.75885871052742
57.325,0.721872355143229,0.572461090087891,0.766723304986954,0.758174270391464
57.3333333333333,0.722114105224609,0.572733612060547,0.7595035135746,0.768601030111313
57.3416666666667,0.722469482421875,0.573347015380859,0.768460154533386,0.765635639429092
57.35,0.722948989868164,0.573985443115234,0.76120799779892,0.762999206781387
57.3583333333333,0.723592376708984,0.574407958984375,0.759981215000153,0.754066169261932
57.3666666666667,0.724426778157552,0.574748916625976,0.765465050935745,0.759842991828918
57.375,0.724764175415039,0.57501838684082,0.767092913389206,0.757342308759689
57.3833333333333,0.725007629394531,0.576037673950195,0.776669681072235,0.76589024066925
57.3916666666667,0.725316874186198,0.577602310180664,0.756834626197815,0.757540583610535
57.4,0.725892181396484,0.579494857788086,0.766393154859543,0.757370412349701
57.4083333333333,0.726241607666016,0.58119514465332,0.76608818769455,0.772798180580139
57.4166666666667,0.726391957600911,0.583188858032227,0.767162293195724,0.763779848814011
57.425,0.72666742960612,0.586073303222656,0.769008219242096,0.770475655794144
57.4333333333333,0.727347946166992,0.589829330444336,0.769738733768463,0.762362390756607
57.4416666666667,0.728580271402995,0.593371200561523,0.776481598615646,0.765464574098587
57.45,0.72984982808431,0.597399673461914,0.764943659305573,0.760880261659622
57.4583333333333,0.730542729695638,0.602268218994141,0.753209233283997,0.755441337823868
57.4666666666667,0.731627248128255,0.607573471069336,0.721610128879547,0.730905652046204
57.475,0.733057861328125,0.612453079223633,0.718755930662155,0.724364221096039
57.4833333333333,0.734528401692708,0.61651252746582,0.706103980541229,0.724749594926834
57.4916666666667,0.735753224690755,0.620508651733398,0.714812904596329,0.719537943601608
57.5,0.737655385335287,0.624215469360352,0.709288448095322,0.725620418787003
57.5083333333333,0.739893010457357,0.628385925292969,0.708576440811157,0.718355417251587
57.5166666666667,0.742316716512044,0.631544876098633,0.709476739168167,0.729084134101868
57.525,0.744965260823568,0.635210037231445,0.709490954875946,0.725653320550919
57.5333333333333,0.747449645996094,0.639300079345703,0.71572470664978,0.730744361877441
57.5416666666667,0.750007883707682,0.643834609985352,0.714236080646515,0.724349290132523
57.55,0.75227658589681,0.648980712890625,0.71514418721199,0.711485892534256
57.5583333333333,0.754741617838542,0.653565979003906,0.706185221672058,0.729528516530991
57.5666666666667,0.757329508463542,0.657844390869141,0.71080881357193,0.723135650157928
57.575,0.759977696736654,0.662493209838867,0.702829867601395,0.72889643907547
57.5833333333333,0.762511189778646,0.666974029541016,0.705435156822205,0.72941181063652
57.5916666666667,0.76493403116862,0.671568145751953,0.716074764728546,0.716284602880478
57.6,0.766856842041016,0.676066970825195,0.708694607019424,0.717942118644714
57.6083333333333,0.768613688151042,0.679834365844727,0.709153681993484,0.719493210315704
57.6166666666667,0.770045649210612,0.684204559326172,0.715831905603409,0.732351213693619
57.625,0.771390864054362,0.687908935546875,0.709136009216309,0.737301290035248
57.6333333333333,0.772344716389974,0.691927337646484,0.707708388566971,0.729726880788803
57.6416666666667,0.772698618570964,0.696431350708008,0.703458219766617,0.726966828107834
57.65,0.772967580159505,0.700107727050781,0.70863065123558,0.733083635568619
57.6583333333333,0.773468170166016,0.702960586547852,0.707458823919296,0.732054173946381
57.6666666666667,0.773801447550456,0.705547561645508,0.702833622694016,0.728392988443375
57.675,0.77403574625651,0.708117370605469,0.703460603952408,0.723475694656372
57.6833333333333,0.774133758544922,0.710690612792969,0.712442576885223,0.724443346261978
57.6916666666667,0.774311930338542,0.712923965454101,0.704934746026993,0.720060557126999
57.7,0.774463806152344,0.714894409179687,0.727509379386902,0.74569833278656
57.7083333333333,0.774463806152344,0.714894409179687,0.758710712194443,0.76208621263504
57.7166666666667,0.77448237101237,0.716996154785156,0.773373693227768,0.758136868476868
57.725,0.774374160766601,0.719121322631836,0.766322106122971,0.761258274316788
57.7333333333333,0.774324035644531,0.720908355712891,0.764423251152039,0.763458251953125
57.7416666666667,0.774028193155925,0.722620086669922,0.756915599107742,0.762251317501068
57.75,0.773661270141602,0.724158477783203,0.762556105852127,0.761534601449966
57.7583333333333,0.773411610921224,0.725114364624023,0.75909361243248,0.758265912532806
57.7666666666667,0.77301035563151,0.726070175170898,0.762644916772842,0.760405361652374
57.775,0.772448577880859,0.726886215209961,0.765721052885056,0.760923445224762
57.7833333333333,0.771865946451823,0.727505722045899,0.768093049526215,0.752871096134186
57.7916666666667,0.771041208902995,0.727794876098633,0.765053004026413,0.766167104244232
57.8,0.770146687825521,0.728117218017578,NaN,NaN
57.8083333333333,0.769238637288411,0.728394241333008,0.770770013332367,0.752860575914383
57.8166666666667,0.768187764485677,0.728773040771484,0.763768076896667,0.768610239028931
57.825,0.767223714192708,0.728897094726562,0.762920439243317,0.75723534822464
57.8333333333333,0.766309204101562,0.728844146728516,0.761694639921188,0.763315379619598
57.8416666666667,0.765201873779297,0.728691787719727,0.773839801549911,0.762616276741028
57.85,0.763999277750651,0.728513946533203,0.767578989267349,0.762050807476044
57.8583333333333,0.763088531494141,0.727973785400391,0.770332545042038,0.771166861057281
57.8666666666667,0.762033843994141,0.727620468139649,0.766820281744003,0.76701232790947
57.875,0.761049448649089,0.727257461547852,0.765440732240677,0.772287964820862
57.8833333333333,0.760246556599935,0.7267041015625,0.777618765830994,0.765731334686279
57.8916666666667,0.759170583089193,0.726759185791016,0.766757160425186,0.770016819238663
57.9,0.758282368977865,0.7267333984375,0.768219292163849,0.762138992547989
57.9083333333333,0.757557322184245,0.726507720947266,0.765411972999573,0.765366971492767
57.9166666666667,0.756799570719401,0.726713562011719,0.770514041185379,0.755208492279053
57.925,0.756206690470378,0.726971130371094,0.766820430755615,0.765282958745956
57.9333333333333,0.755762812296549,0.727186508178711,0.761050254106522,0.757791191339493
57.9416666666667,0.755722808837891,0.727235336303711,0.762444704771042,0.765560746192932
57.95,0.755858306884766,0.727177352905273,0.771784096956253,0.774781256914139
57.9583333333333,0.755990295410156,0.727367172241211,0.764832615852356,0.763537108898163
57.9666666666667,0.756260172526042,0.727660751342773,0.76639112830162,0.761928558349609
57.975,0.756734441121419,0.727986907958984,0.761549741029739,0.77075132727623
57.9833333333333,0.756734441121419,0.727986907958984,0.767690658569336,0.778244435787201
57.9916666666667,0.757129618326823,0.72865364074707,0.761484354734421,0.767980843782425
58,0.757699635823568,0.729287414550781,0.765911877155304,0.763926029205322
58.0083333333333,0.758630905151367,0.72978630065918,0.770554274320602,0.772638648748398
58.0166666666667,0.759583867390951,0.730509948730469,0.772404909133911,0.770972937345505
58.025,0.760550816853841,0.731332168579102,0.76790651679039,0.763190865516663
58.0333333333333,0.761560363769531,0.732152481079102,0.766144812107086,0.771748244762421
58.0416666666667,0.762921040852865,0.732699890136719,0.775657743215561,0.762571096420288
58.05,0.764019571940104,0.733872909545898,0.76585254073143,0.7623310983181
58.0583333333333,0.765317789713542,0.734717559814453,0.766026794910431,0.764461398124695
58.0666666666667,0.767034606933594,0.735400390625,0.768640756607056,0.75845068693161
58.075,0.770710856119792,0.737461166381836,0.763712525367737,0.760082870721817
58.0833333333333,0.770710856119792,0.737461166381836,0.761677861213684,0.75970533490181
58.0916666666667,0.772925593058268,0.738728561401367,0.77563202381134,0.760903418064117
58.1,0.774629491170247,0.739751663208008,0.765812814235687,0.774617373943329
58.1083333333333,0.77621836344401,0.740288619995117,0.767190724611282,0.776733785867691
58.1166666666667,0.777301127115885,0.741107559204102,NaN,NaN
58.125,0.778189315795898,0.741968536376953,0.776929467916489,0.749845296144485
58.1333333333333,0.779085845947266,0.743040466308594,0.770867824554443,0.766623169183731
58.1416666666667,0.780234909057617,0.744070892333984,0.769237399101257,0.76682236790657
58.15,0.78115104675293,0.745188064575195,0.772465258836746,0.774968981742859
58.1583333333333,0.782154719034831,0.74620475769043,0.775514453649521,0.773008733987808
58.1666666666667,0.783246612548828,0.746812362670898,0.774256348609924,0.764197379350662
58.175,0.784051818847656,0.747429656982422,0.776922851800919,0.771489232778549
58.1833333333333,0.784908142089844,0.747951431274414,0.769237250089645,0.758576184511185
58.1916666666667,0.785472895304362,0.748587646484375,0.778962284326553,0.773394405841827
58.2,0.785962066650391,0.748887176513672,0.779196888208389,0.775142014026642
58.2083333333333,0.786248982747396,0.749009170532227,0.77157860994339,0.775587558746338
58.2166666666667,0.7861865234375,0.749207458496094,0.769620448350906,0.779646843671799
58.225,0.785901031494141,0.749217681884765,0.768725633621216,0.77762970328331
58.2333333333333,0.785457890828451,0.749250717163086,0.780473828315735,0.774792283773422
58.2416666666667,0.784865264892578,0.749385452270508,0.774492204189301,0.770358741283417
58.25,0.784214019775391,0.748937835693359,0.782722771167755,0.772487103939056
58.2583333333333,0.783239924112956,0.748692626953125,0.77471449971199,0.769295036792755
58.2666666666667,0.782362874348958,0.748392868041992,0.772766351699829,0.771765619516373
58.275,0.781573359171549,0.748100738525391,0.771505951881409,0.77119255065918
58.2833333333333,0.781010462443034,0.747762451171875,0.77516308426857,0.763077586889267
58.2916666666667,0.780206553141276,0.747728271484375,0.780877441167831,0.779842555522919
58.3,0.779231719970703,0.747679824829102,0.777197927236557,0.775812238454819
58.3083333333333,0.779231719970703,0.747679824829102,0.776332259178162,0.779357582330704
58.3166666666667,0.777746302286784,0.747680969238281,0.771626949310303,0.777997404336929
58.325,0.776689224243164,0.747652893066406,0.781780540943146,0.768947750329971
58.3333333333333,0.775806986490885,0.747720184326172,0.771928936243057,0.767352700233459
58.3416666666667,0.775093180338542,0.747963104248047,0.769631296396255,0.777651339769363
58.35,0.774610544840495,0.748158645629883,0.775381982326508,0.777326822280884
58.3583333333333,0.774272104899089,0.748129348754883,0.774671882390976,0.779184967279434
58.3666666666667,0.774025573730469,0.748222503662109,0.779685378074646,0.780417531728745
58.375,0.773702596028646,0.748438949584961,0.780709594488144,0.775760054588318
58.3833333333333,0.773403930664063,0.748640365600586,0.777871429920197,0.783917218446732
58.3916666666667,0.773183949788411,0.748821258544922,0.774305939674377,0.77533233165741
58.4,0.773001708984375,0.749139404296875,0.768902450799942,0.78201961517334
58.4083333333333,0.772990951538086,0.749493408203125,0.774623364210129,0.778191834688187
58.4166666666667,0.772957102457682,0.749891815185547,0.768528163433075,0.770639330148697
58.425,0.772930908203125,0.750330810546875,0.774783164262772,0.769447594881058
58.4333333333333,0.772770105997721,0.75082893371582,0.769844263792038,0.772755533456802
58.4416666666667,0.772745615641276,0.751171340942383,0.771328449249268,0.782803952693939
58.45,0.772745615641276,0.751171340942383,0.769162714481354,0.778566092252731
58.4583333333333,0.772740631103516,0.751469497680664,0.76896208524704,0.778045982122421
58.4666666666667,0.77304941813151,0.751637496948242,0.770820409059525,0.776600241661072
58.475,0.773238245646159,0.751965408325195,0.779648989439011,0.783480256795883
58.4833333333333,0.773326110839844,0.752394943237305,0.775110870599747,0.782569229602814
58.4916666666667,0.773448791503906,0.752858123779297,0.77325251698494,0.785612374544144
58.5,0.773688125610352,0.753013000488281,0.776971787214279,0.777997344732285
58.5083333333333,0.773912760416667,0.752989807128906,0.772372424602509,0.772591352462769
58.5166666666667,0.774097290039063,0.753037796020508,0.750572860240936,0.773749113082886
58.525,0.774187774658203,0.753267974853516,0.732285439968109,0.698029309511185
58.5333333333333,0.774505462646484,0.753112335205078,0.708048433065414,0.662670493125916
58.5416666666667,0.774653523763021,0.753223037719727,0.682108700275421,0.647067546844482
58.55,0.774891789754232,0.753041076660156,0.668852150440216,0.632163166999817
58.5583333333333,0.775030314127604,0.752998962402344,0.653256207704544,0.625273585319519
58.5666666666667,0.775287068684896,0.752845687866211,0.650475472211838,0.6385118663311
58.575,0.775287068684896,0.752845687866211,0.659188479185104,0.635191470384598
58.5833333333333,0.775468953450521,0.752835311889649,0.659001231193542,0.632585614919662
58.5916666666667,0.775628484090169,0.752812194824219,0.658228695392609,0.634335041046143
58.6,0.775784810384115,0.752741394042969,0.654912292957306,0.637931674718857
58.6083333333333,0.775936101277669,0.75260871887207,0.653904259204865,0.645328223705292
58.6166666666667,0.776109873453776,0.752491455078125,0.650276452302933,0.637961387634277
58.625,0.776321309407552,0.75215576171875,0.64866515994072,0.636992573738098
58.6333333333333,0.77661626180013,0.751573638916016,0.653695225715637,0.634171634912491
58.6416666666667,0.776771189371745,0.751242446899414,0.653429210186005,0.637118250131607
58.65,0.776962025960287,0.750712127685547,0.654165714979172,0.629736572504044
58.6583333333333,0.776986389160156,0.750180435180664,0.651678413152695,0.64101779460907
58.6666666666667,0.776988805135091,0.749681243896484,0.645612269639969,0.642605036497116
58.675,0.776953328450521,0.749065170288086,0.648448437452316,0.64089047908783
58.6833333333333,0.776984151204427,0.748317337036133,0.652423590421677,0.637640625238419
58.6916666666667,0.777073008219401,0.747656707763672,0.651849806308746,0.64243146777153
58.7,0.777073008219401,0.747656707763672,0.646569103002548,0.634765207767487
58.7083333333333,0.777199249267578,0.747022933959961,0.648878455162048,0.629561960697174
58.7166666666667,0.777171529134115,0.746360778808594,0.64666149020195,0.63264000415802
58.725,0.777099202473958,0.745717849731445,0.653778105974197,0.637137949466705
58.7333333333333,0.776902643839518,0.745022201538086,0.648154646158218,0.636403471231461
58.7416666666667,0.77665044148763,0.744313430786133,0.648271709680557,0.633639007806778
58.75,0.776548182169596,0.743238830566406,0.648684293031693,0.624726563692093
58.7583333333333,0.776259765625,0.74206169128418,0.641347020864487,0.628370523452759
58.7666666666667,0.775919748942057,0.740758438110352,0.643895983695984,0.627769321203232
58.775,0.77567128499349,0.73778205871582,0.6395343542099,0.642557948827744
58.7833333333333,0.775383605957031,0.735509719848633,0.644223749637604,0.634482145309448
58.7916666666667,0.775039520263672,0.733416595458985,0.647480934858322,0.631417691707611
58.8,0.774804941813151,0.73105094909668,0.640578597784042,0.626603335142136
58.8083333333333,0.774550170898437,0.728587493896484,0.653536587953568,0.641144722700119
58.8166666666667,0.773948440551758,0.726542892456055,0.641141176223755,0.628465384244919
58.825,0.773578898111979,0.723861312866211,0.645948082208633,0.63796254992485
58.8333333333333,0.773245391845703,0.721167831420898,0.648817777633667,0.621425092220306
58.8416666666667,0.773014678955078,0.718523406982422,0.650499850511551,0.624862372875214
58.85,0.772863159179688,0.715418090820312,0.655847996473312,0.617215394973755
58.8583333333333,0.77247309366862,0.712574920654297,0.655123382806778,0.622923672199249
58.8666666666667,0.771776072184245,0.709869384765625,0.655562877655029,0.613753944635391
58.875,0.771060612996419,0.707460708618164,0.653100073337555,0.61724179983139
58.8833333333333,0.770535532633464,0.704809722900391,0.653715699911118,0.620512187480927
58.8916666666667,0.76990956624349,0.70201301574707,0.649306267499924,0.622489452362061
58.9,0.769050649007161,0.699146575927734,0.656339794397354,0.620126634836197
58.9083333333333,0.767914733886719,0.696036376953125,0.662262707948685,0.619150876998901
58.9166666666667,0.766551920572917,0.692929992675781,0.652547866106033,0.618950605392456
58.925,0.766551920572917,0.692929992675781,0.653798907995224,0.608873128890991
58.9333333333333,0.76542958577474,0.689590301513672,0.650016307830811,0.625325620174408
58.9416666666667,0.763842341105143,0.686960678100586,0.65176448225975,0.618396431207657
58.95,0.762463684082031,0.684061431884766,0.649880141019821,0.620936959981918
58.9583333333333,0.760615488688151,0.681216430664062,0.658571064472198,0.614149063825607
58.9666666666667,0.759192250569661,0.677805099487305,0.649675369262695,0.626511007547379
58.975,0.758093795776367,0.674257507324219,0.645154684782028,0.621480643749237
58.9833333333333,0.756393483479818,0.671783905029297,0.64567631483078,0.624572992324829
58.9916666666667,0.754998524983724,0.669196929931641,0.651317000389099,0.615240126848221
59,0.753380279541016,0.666624298095703,0.646063476800919,0.619958639144897
59.0083333333333,0.751717071533203,0.663988037109375,0.651849538087845,0.620539128780365
59.0166666666667,0.749937286376953,0.661543502807617,0.646239131689072,0.627284795045853
59.025,0.746868286132813,0.65701904296875,0.653439849615097,0.629352062940598
59.0333333333333,0.744460652669271,0.653806686401367,0.651937574148178,0.621636599302292
59.0416666666667,0.742157872517904,0.651582260131836,0.654825031757355,0.618239969015121
59.05,0.740568771362305,0.649535446166992,0.651793748140335,0.600871592760086
59.0583333333333,0.738986612955729,0.648066101074219,0.649941384792328,0.622491717338562
59.0666666666667,0.737306315104167,0.646380386352539,0.673130512237549,0.628897905349731
59.075,0.735961049397786,0.644400100708008,0.693170219659805,0.63233345746994
59.0833333333333,0.734444630940755,0.642620697021484,0.702975302934647,0.664300888776779
59.0916666666667,0.733188680013021,0.640469665527344,0.711231619119644,0.668104618787766
59.1,0.731730143229167,0.639059371948242,0.713035672903061,0.663295686244965
59.1083333333333,0.730415369669596,0.637826919555664,0.70142850279808,0.655144780874252
59.1166666666667,0.729094161987305,0.637161026000977,0.707240223884583,0.652835309505463
59.125,0.728124796549479,0.636139373779297,0.709197133779526,0.660438537597656
59.1333333333333,0.727118225097656,0.634865036010742,0.70545420050621,0.670099020004272
59.1416666666667,0.72627187093099,0.633363189697266,0.702913999557495,0.668657243251801
59.15,0.725316314697266,0.632443313598633,0.70875495672226,0.661754995584488
59.1583333333333,0.724237721761068,0.63189079284668,0.712487995624542,0.667164027690887
59.1666666666667,0.724237721761068,0.63189079284668,0.710191607475281,0.664000928401947
59.175,0.722349192301432,0.631062927246094,0.708518654108047,0.665511161088943
59.1833333333333,0.722349192301432,0.631062927246094,0.699867248535156,0.657365202903748
59.1916666666667,0.721402893066406,0.630872955322266,0.706546545028687,0.669289827346802
59.2,0.720690205891927,0.63042724609375,0.708965480327606,0.67050576210022
59.2083333333333,0.720151926676432,0.629448318481445,0.705124288797379,0.668047785758972
59.2166666666667,0.719669087727865,0.62841796875,0.704615384340286,0.664181917905807
59.225,0.719025344848633,0.627448577880859,0.703528165817261,0.660966902971268
59.2333333333333,0.717674204508464,0.626112747192383,0.711636304855347,0.671870738267899
59.2416666666667,0.716804682413737,0.624592132568359,0.703735411167145,0.656290411949158
59.25,0.716208750406901,0.623248596191406,0.714213162660599,0.654857993125916
59.2583333333333,0.715523986816406,0.622150802612305,0.707513868808746,0.666200518608093
59.2666666666667,0.714907582600911,0.621474609375,0.727581173181534,0.692563951015472
59.275,0.714214731852214,0.620754699707031,0.752099543809891,0.704112261533737
59.2833333333333,0.713566513061523,0.620100936889648,0.764551967382431,0.72295355796814
59.2916666666667,0.713155797322591,0.619217987060547,0.773460686206818,0.733310282230377
59.3,0.712618535359701,0.6183740234375,0.765100449323654,0.731823533773422
59.3083333333333,0.711945393880208,0.617805557250977,0.770321607589722,0.737798452377319
59.3166666666667,0.711305287679036,0.617234191894531,0.758796960115433,0.742906898260117
59.325,0.710805753072103,0.616613616943359,0.764247894287109,0.736899703741074
59.3333333333333,0.710203590393066,0.615909729003906,0.764092028141022,0.741870641708374
59.3416666666667,0.709564666748047,0.615146408081055,0.770132005214691,0.74060195684433
59.35,0.708884493509928,0.614440994262695,0.758982807397842,0.735385447740555
59.3583333333333,0.70814136505127,0.613629760742187,0.76450589299202,0.736603856086731
59.3666666666667,0.707414728800456,0.613124694824219,0.771800398826599,0.737343847751617
59.375,0.706736424763997,0.612746810913086,0.777734726667404,0.728371798992157
59.3833333333333,0.706069768269857,0.612328262329102,0.778815746307373,0.738054692745209
59.3916666666667,0.705286687215169,0.611912155151367,0.776034593582153,0.748076230287552
59.4,0.704648869832357,0.611232299804688,0.771294683218002,0.739165365695953
59.4083333333333,0.704032109578451,0.61066535949707,0.765840798616409,0.729080438613892
59.4166666666667,0.703129196166992,0.610160369873047,0.777080953121185,0.73611181974411
59.425,0.702337964375814,0.609407730102539,0.762572705745697,0.735491096973419
59.4333333333333,0.701597493489583,0.6083154296875,0.767003953456879,0.745465397834778
59.4416666666667,0.700928573608398,0.607379684448242,0.773182243108749,0.744232654571533
59.45,0.70018861134847,0.606516571044922,0.770167380571365,0.747122943401337
59.4583333333333,0.698315162658691,0.604729766845703,0.779230147600174,0.743766188621521
59.4666666666667,0.69730463663737,0.603926773071289,0.76982119679451,0.744833528995514
59.475,0.696291643778483,0.602854995727539,0.765315741300583,0.743468135595322
59.4833333333333,0.695279528299967,0.602595367431641,0.773470371961594,0.739707201719284
59.4916666666667,0.694462114969889,0.601837539672852,0.768454521894455,0.739659547805786
59.5,0.693466478983561,0.601130752563477,0.767608970403671,0.742927968502045
59.5083333333333,0.692708587646484,0.6004345703125,0.766981691122055,0.737384647130966
59.5166666666667,0.691811370849609,0.599573440551758,0.769099831581116,0.739977419376373
59.525,0.69095100402832,0.598452987670898,0.779364913702011,0.731934756040573
59.5333333333333,0.69009895324707,0.597517471313477,0.77194944024086,0.737177133560181
59.5416666666667,0.689477183024089,0.596296691894531,0.773541837930679,0.739160984754562
59.55,0.688959172566732,0.594948272705078,0.765813022851944,0.737291812896729
59.5583333333333,0.68844783782959,0.593951263427734,0.766613960266113,0.740687519311905
59.5666666666667,0.687932484944662,0.592986755371094,0.782332092523575,0.730100035667419
59.575,0.687515996297201,0.592138977050781,0.766257524490356,0.739553779363632
59.5833333333333,0.687216415405273,0.591173324584961,0.775312542915344,0.741261720657349
59.5916666666667,0.686904983520508,0.590310974121094,0.774054676294327,0.73891294002533
59.6,0.686560974121094,0.589428329467773,0.773093402385712,0.745957106351852
59.6083333333333,0.686325556437174,0.588339996337891,0.78019317984581,0.729486763477325
59.6166666666667,0.686035537719727,0.587502288818359,0.75949764251709,0.752214878797531
59.625,0.685884628295898,0.58719123840332,0.765497475862503,0.745991289615631
59.6333333333333,0.6858251953125,0.586483764648438,0.779153287410736,0.747049659490585
59.6416666666667,0.6858251953125,0.586483764648438,0.77576094865799,0.745410621166229
59.65,0.685966440836589,0.58542724609375,0.766514360904694,0.749803334474564
59.6583333333333,0.686012852986654,0.584866561889648,0.781236380338669,0.75638535618782
59.6666666666667,0.686363347371419,0.583351135253906,0.790137618780136,0.729525029659271
59.675,0.686363347371419,0.583351135253906,0.805580705404282,0.696325480937958
59.6833333333333,0.68658997853597,0.5824755859375,0.822451680898666,0.648425817489624
59.6916666666667,0.68678456624349,0.582136917114258,0.81791090965271,0.630222827196121
59.7,0.687148056030273,0.58150764465332,0.773277461528778,0.639286905527115
59.7083333333333,0.687415250142415,0.580761871337891,0.780572503805161,0.637682676315308
59.7166666666667,0.687619781494141,0.580346755981445,0.768825858831406,0.641029894351959
59.725,0.687850672403971,0.579590377807617,0.818049997091293,0.645026803016663
59.7333333333333,0.688167572021484,0.579189758300781,0.818515360355377,0.64797979593277
59.7416666666667,0.688419443766276,0.57932861328125,0.822902143001556,0.642917603254318
59.75,0.68862902323405,0.57929328918457,0.818567633628845,0.639599025249481
59.7583333333333,0.688839797973633,0.579225311279297,0.819633305072784,0.637635618448257
59.7666666666667,0.689120839436849,0.579496231079102,0.808949738740921,0.644528448581696
59.775,0.689370257059733,0.579657363891602,0.815198361873627,0.640363186597824
59.7833333333333,0.689655456542969,0.579629745483399,0.821362763643265,0.637511968612671
59.7916666666667,0.690093002319336,0.579409408569336,0.818006306886673,0.636445820331573
59.8,0.690858713785807,0.580075302124023,0.821294963359833,0.634624302387238
59.8083333333333,0.691490046183268,0.581280822753906,0.814336776733398,0.647066682577133
59.8166666666667,0.691951065063477,0.581253204345703,0.77638304233551,0.640302896499634
59.825,0.692341537475586,0.580668334960938,0.823349297046661,0.644860535860062
59.8333333333333,0.692379302978516,0.579638214111328,0.813539355993271,0.671983927488327
59.8416666666667,0.692628377278646,0.578612670898437,0.782367765903473,0.698506236076355
59.85,0.693269373575846,0.577727355957031,0.772584289312363,0.727745324373245
59.8583333333333,0.693918291727702,0.576896896362305,0.779136776924133,0.744588822126389
59.8666666666667,0.69460329691569,0.576055068969727,0.773323208093643,0.744111597537994
59.875,0.695353240966797,0.575345230102539,0.776998966932297,0.736856669187546
59.8833333333333,0.696139678955078,0.575035858154297,0.769432693719864,0.736324071884155
59.8916666666667,0.697016270955404,0.574499816894531,0.783146768808365,0.730706870555878
59.9,0.697854715983073,0.574349517822266,0.771111637353897,0.736606121063232
59.9083333333333,0.698874346415202,0.574275207519531,0.770034074783325,0.736534059047699
59.9166666666667,0.700001487731934,0.573842926025391,0.769868075847626,0.734428524971008
59.925,0.701405283610026,0.573326950073242,0.774273186922073,0.743178904056549
59.9333333333333,0.701405283610026,0.573326950073242,0.765328377485275,0.736886382102966
59.9416666666667,0.705037587483724,0.571228942871094,0.773716121912003,0.751424700021744
59.95,0.707942047119141,0.570285720825195,0.765062987804413,0.741395711898804
59.9583333333333,0.710386912027995,0.569968338012695,0.768673926591873,0.738805741071701
59.9666666666667,0.712678578694661,0.569980773925781,0.771470189094543,0.738960742950439
59.975,0.715064951578776,0.56959342956543,0.773264646530151,0.745921343564987
59.9833333333333,0.717814280192057,0.569531097412109,0.769638806581497,0.73511528968811
59.9916666666667,0.720427449544271,0.570159606933594,0.772487729787827,0.721698522567749
60,0.723238830566406,0.570403137207031,0.763226896524429,0.730163782835007
60.0083333333333,0.725689392089844,0.571583786010742,0.726306438446045,0.724798887968063
60.0166666666667,0.728280970255534,0.572726516723633,0.699562788009644,0.709665983915329
60.025,0.730932057698568,0.573728179931641,0.70011094212532,0.708718448877335
60.0333333333333,0.733580830891927,0.574993896484375,0.702332317829132,0.71713262796402
60.0416666666667,0.73638308207194,0.576370849609375,0.708694249391556,0.719754427671432
60.05,0.73916737874349,0.577448425292969,0.715591669082642,0.717672288417816
60.0583333333333,0.741688105265299,0.578528823852539,0.701931864023209,0.721445351839066
60.0666666666667,0.74422617594401,0.579799499511719,0.704119056463242,0.718872636556625
60.075,0.746476389567057,0.581390151977539,0.703875213861465,0.710584729909897
60.0833333333333,0.748861338297526,0.582979431152344,0.699910968542099,0.718915551900864
60.0916666666667,0.751327819824219,0.584464492797852,0.699091702699661,0.710599422454834
60.1,0.753481292724609,0.585130462646484,0.703066676855087,0.711221873760223
60.1083333333333,0.756031977335612,0.586384658813477,0.702144801616669,0.709688007831573
60.1166666666667,0.758394419352214,0.587577362060547,0.701054096221924,0.706127405166626
60.125,0.760316899617513,0.589103240966797,0.698972761631012,0.712638258934021
60.1333333333333,0.762120819091797,0.590620193481445,0.70021665096283,0.714423090219498
60.1416666666667,0.763807830810547,0.592282638549805,0.696597039699554,0.71808248758316
60.15,0.76543576558431,0.594043502807617,0.699915319681168,0.71165207028389
60.1583333333333,0.767403996785482,0.595403518676758,0.705742359161377,0.714776396751404
60.1666666666667,0.769080251057943,0.596896667480469,0.696435689926147,0.709606111049652
60.175,0.770802714029948,0.597986450195312,0.702564895153046,0.708083271980286
60.1833333333333,0.77292963663737,0.599122009277344,0.700257748365402,0.716394484043121
60.1916666666667,0.774689687093099,0.601081771850586,0.698295384645462,0.716331541538239
60.2,0.776563313802083,0.602548522949219,0.69873234629631,0.708937585353851
60.2083333333333,0.778340657552083,0.604119262695312,0.693042278289795,0.704443126916885
60.2166666666667,0.779968897501628,0.605634918212891,0.696529895067215,0.711085259914398
60.225,0.781622568766276,0.606843414306641,0.695194035768509,0.700763612985611
60.2333333333333,0.783158925374349,0.608417282104492,0.699393004179001,0.709539294242859
60.2416666666667,0.785194524129232,0.609822692871094,0.704939633607864,0.712895959615707
60.25,0.787361119588216,0.611176071166992,0.699261605739594,0.714479923248291
60.2583333333333,0.789219207763672,0.612084121704102,0.696929484605789,0.707675665616989
60.2666666666667,0.790929209391276,0.612806549072266,0.69510081410408,0.706202417612076
60.275,0.792474365234375,0.6138525390625,0.729542225599289,0.681055456399918
60.2833333333333,0.793867848714193,0.615272521972656,0.745680183172226,0.646397709846497
60.2916666666667,0.794931030273437,0.616571655273437,0.76438844203949,0.629220455884933
60.3,0.796193440755208,0.61742317199707,0.772380650043488,0.627650409936905
60.3083333333333,0.797343597412109,0.618195877075195,0.779977887868881,0.649622976779938
60.3166666666667,0.798413645426432,0.618975448608398,0.772574752569199,0.648690700531006
60.325,0.799523111979167,0.61961555480957,0.765337377786636,0.638030201196671
60.3333333333333,0.799523111979167,0.61961555480957,0.768228560686111,0.646972835063934
60.3416666666667,0.800198822021484,0.620330657958984,0.767435818910599,0.641607791185379
60.35,0.800911509195964,0.620946197509766,0.765184551477432,0.651135444641113
60.3583333333333,0.801608022054036,0.621462326049805,0.770754367113113,0.647776156663895
60.3666666666667,0.802296956380208,0.622061920166016,0.769658952951431,0.638413548469543
60.375,0.80292610168457,0.622441253662109,0.774563938379288,0.653696209192276
60.3833333333333,0.803641738891601,0.62296760559082,0.773263424634933,0.637930184602737
60.3916666666667,0.804259033203125,0.623345565795898,0.777578771114349,0.64739665389061
60.4,0.804784545898438,0.623547134399414,0.767674297094345,0.641143471002579
60.4083333333333,0.805573145548503,0.623828582763672,0.768019199371338,0.639400064945221
60.4166666666667,0.806150105794271,0.624075622558594,0.763278633356094,0.636903643608093
60.425,0.806928049723307,0.624136581420898,0.774688154459,0.630486577749252
60.4333333333333,0.807706044514974,0.624672241210938,0.77037701010704,0.637149274349213
60.4416666666667,0.807973225911458,0.625082015991211,0.76921883225441,0.642358183860779
60.45,0.808151194254557,0.625397033691406,0.762404441833496,0.635411143302917
60.4583333333333,0.808214874267578,0.625692672729492,0.764370501041412,0.652742207050323
60.4666666666667,0.808340657552083,0.625916366577148,0.763776242733002,0.649538189172745
60.475,0.808370157877604,0.626120758056641,0.771088927984238,0.64424854516983
60.4833333333333,0.808245798746745,0.62622688293457,0.768811732530594,0.638243138790131
60.4916666666667,0.808149617513021,0.626432647705078,0.765100061893463,0.643219143152237
60.5,0.8080579884847,0.626668701171875,0.767994284629822,0.645775109529495
60.5083333333333,0.807871729532878,0.626939086914063,0.76882541179657,0.644263625144958
60.5166666666667,0.80766108194987,0.62729118347168,0.767422705888748,0.639449596405029
60.525,0.807428436279297,0.627608642578125,0.775193184614182,0.648299276828766
60.5333333333333,0.806793212890625,0.628116912841797,0.769732624292374,0.639583945274353
60.5416666666667,0.806434987386068,0.628367004394531,0.766777843236923,0.649322837591171
60.55,0.805828552246094,0.628793334960937,0.774212002754211,0.637759029865265
60.5583333333333,0.805572662353516,0.628725891113281,0.772985428571701,0.63801309466362
60.5666666666667,0.805049438476562,0.628545379638672,0.775706976652145,0.651412487030029
60.575,0.805049438476562,0.628545379638672,0.767370283603668,0.650572776794434
60.5833333333333,0.804361063639323,0.628250732421875,0.769261360168457,0.647723168134689
60.5916666666667,0.804084142049154,0.627903137207031,0.775316774845123,0.638287931680679
60.6,0.803700561523437,0.62754280090332,0.774758607149124,0.643588453531265
60.6083333333333,0.803335622151693,0.62720817565918,0.77485665678978,0.659893989562988
60.6166666666667,0.802874043782552,0.62678596496582,0.782076179981232,0.645017623901367
60.625,0.802408803304036,0.62655647277832,0.790976792573929,0.653597891330719
60.6333333333333,0.802065226236979,0.626232528686523,0.791271716356277,0.649952739477158
60.6416666666667,0.80160151163737,0.625938568115234,0.794951885938644,0.649325340986252
60.65,0.801460978190104,0.625639343261719,0.784758418798447,0.648247867822647
60.6583333333333,0.801213226318359,0.625268478393555,0.794600546360016,0.651766657829285
60.6666666666667,0.801033426920573,0.625034027099609,0.79009473323822,0.643866896629333
60.675,0.800743560791016,0.624719390869141,0.793586105108261,0.650700718164444
60.6833333333333,0.800326258341471,0.624428482055664,0.790431827306747,0.657181829214096
60.6916666666667,0.800074615478516,0.624118881225586,0.793253511190414,0.650280833244324
60.7,0.799762420654297,0.623876190185547,0.785401433706284,0.645328879356384
60.7083333333333,0.799510040283203,0.623766021728516,0.791575133800507,0.660012722015381
60.7166666666667,0.799108530680338,0.623906326293945,0.782854348421097,0.656890422105789
60.725,0.798931681315104,0.624212188720703,0.79135799407959,0.645613193511963
60.7333333333333,0.798939971923828,0.624474945068359,0.791801750659943,0.653228342533112
60.7416666666667,0.798940226236979,0.624719009399414,0.784182488918304,0.660313218832016
60.75,0.799096883138021,0.624761047363281,0.788893669843674,0.64747479557991
60.7583333333333,0.799096883138021,0.624761047363281,0.784066081047058,0.654022365808487
60.7666666666667,0.799273935953776,0.624799499511719,0.791446834802628,0.648741483688354
60.775,0.79946538289388,0.624925918579102,0.788424432277679,0.653295040130615
60.7833333333333,0.799831186930339,0.624923782348633,0.791207194328308,0.656992793083191
60.7916666666667,0.800254465738932,0.62480842590332,0.788927912712097,0.654155075550079
60.8,0.800547129313151,0.625073928833008,0.785127758979797,0.652848124504089
60.8083333333333,0.800968627929688,0.625343017578125,0.790122359991074,0.657354891300201
60.8166666666667,0.802057952880859,0.625866012573242,0.785656750202179,0.66350331902504
60.825,0.802671661376953,0.626304702758789,0.781800985336304,0.646308928728104
60.8333333333333,0.803298695882162,0.626570205688477,0.789102971553802,0.657966792583466
60.8416666666667,0.803815511067708,0.626835403442383,0.782389491796494,0.649337142705917
60.85,0.80439453125,0.626919403076172,0.789566576480865,0.653773695230484
60.8583333333333,0.804783121744792,0.627306365966797,0.789548486471176,0.652969181537628
60.8666666666667,0.805131632486979,0.627586975097656,0.792804151773453,0.66762837767601
60.875,0.805536499023437,0.62793212890625,0.798244655132294,0.654108792543411
60.8833333333333,0.805942637125651,0.628177032470703,0.79520308971405,0.668018132448196
60.8916666666667,0.806344350179036,0.628408050537109,0.791253685951233,0.669157296419144
60.9,0.80661148071289,0.62861198425293,0.791325867176056,0.663176655769348
60.9083333333333,0.806991221110026,0.628868026733398,0.790400385856628,0.655352711677551
60.9166666666667,0.80724604288737,0.629188003540039,0.78910094499588,0.658991724252701
60.925,0.807732747395833,0.629569625854492,0.784196376800537,0.66142150759697
60.9333333333333,0.808119201660156,0.629967041015625,0.794639110565186,0.658572793006897
60.9416666666667,0.808502451578776,0.630801315307617,0.779749184846878,0.664354562759399
60.95,0.808831329345703,0.631413192749023,0.789278090000153,0.666877657175064
60.9583333333333,0.809064687093099,0.632239837646484,0.792697578668594,0.664560467004776
60.9666666666667,0.809064687093099,0.632239837646484,0.784570425748825,0.658206820487976
60.975,0.809155120849609,0.633189697265625,0.786354422569275,0.668898016214371
60.9833333333333,0.809075876871745,0.633918304443359,0.787527352571487,0.66212186217308
60.9916666666667,0.808929087320964,0.634090347290039,0.767436951398849,0.667017489671707
61,0.808618672688802,0.634192199707031,0.721278548240662,0.635719537734985
61.0083333333333,0.808308614095052,0.633995132446289,0.682786405086517,0.623759001493454
61.0166666666667,0.8078173828125,0.633650894165039,0.649807900190353,0.613033443689346
61.025,0.807193196614583,0.633357315063477,0.626470863819122,0.601074546575546
61.0333333333333,0.806578852335612,0.63310676574707,0.635180026292801,0.595009237527847
61.0416666666667,0.805699615478516,0.632768707275391,0.639147967100143,0.603061735630035
61.05,0.804553070068359,0.632524337768555,0.640104979276657,0.599563539028168
61.0583333333333,0.803108317057292,0.63224853515625,0.629211127758026,0.613937199115753
61.0666666666667,0.801927337646484,0.631829299926758,0.63942289352417,0.604770094156265
61.075,0.800685094197591,0.631321334838867,0.637501507997513,0.60502502322197
61.0833333333333,0.797100728352865,0.629961471557617,0.63442400097847,0.617030531167984
61.0916666666667,0.794419250488281,0.629240646362305,0.634610116481781,0.603067308664322
61.1,0.792291641235352,0.62877799987793,0.635118454694748,0.603761434555054
61.1083333333333,0.790539347330729,0.628281478881836,0.633937984704971,0.615620970726013
61.1166666666667,0.788713912963867,0.627715911865234,0.64006495475769,0.610635936260223
61.125,0.788713912963867,0.627715911865234,0.638878226280212,0.604206502437592
61.1333333333333,0.784130401611328,0.625801162719727,0.640821278095245,0.602497637271881
61.1416666666667,0.781444931030273,0.62516471862793,0.642021656036377,0.603360742330551
61.15,0.781444931030273,0.62516471862793,0.636409908533096,0.608329564332962
61.1583333333333,0.779004923502604,0.624200057983398,0.638826191425323,0.598960638046265
61.1666666666667,0.776493860880534,0.622620620727539,0.641965746879578,0.609799265861511
61.175,0.773939641316732,0.621559753417969,0.637293964624405,0.606562077999115
61.1833333333333,0.77131825764974,0.620647201538086,0.640829592943192,0.611475825309753
61.1916666666667,0.768880106608073,0.619285583496094,0.630907416343689,0.604906171560287
61.2,0.766496124267578,0.617954635620117,0.634841680526733,0.610075533390045
61.2083333333333,0.764006907145182,0.616747894287109,0.629999607801437,0.61272868514061
61.2166666666667,0.761409606933594,0.615351333618164,0.635906398296356,0.606333136558533
61.225,0.758912200927734,0.614179840087891,0.638309359550476,0.613026261329651
61.2333333333333,0.756388905843099,0.612988433837891,0.635984480381012,0.601197123527527
61.2416666666667,0.753395640055339,0.611717529296875,0.643519639968872,0.603710919618607
61.25,0.750609181722005,0.610146255493164,0.628863394260406,0.610016673803329
61.2583333333333,0.747872670491536,0.607949523925781,0.627781242132187,0.610471338033676
61.2666666666667,0.74475336710612,0.606432189941406,0.627800494432449,0.61423659324646
61.275,0.7418310546875,0.604732055664063,0.636253446340561,0.606466680765152
61.2833333333333,0.738745447794596,0.603341293334961,0.637077957391739,0.609253346920013
61.2916666666667,0.735996856689453,0.601195983886719,0.633371561765671,0.607494711875916
61.3,0.733296559651693,0.599432220458984,0.634389162063599,0.604655295610428
61.3083333333333,0.730663146972656,0.598504028320312,0.644096255302429,0.605396419763565
61.3166666666667,0.727777455647787,0.597632675170898,0.638169080018997,0.606782674789429
61.325,0.724931030273438,0.596718063354492,0.636585384607315,0.587523877620697
61.3333333333333,0.721893107096354,0.596011047363281,0.639184027910233,0.606524854898453
61.3416666666667,0.719330495198568,0.595304718017578,0.640320688486099,0.598513901233673
61.35,0.716629536946615,0.594534912109375,0.637272000312805,0.602651953697205
61.3583333333333,0.713462702433268,0.593927841186523,0.643442004919052,0.60488361120224
61.3666666666667,0.710221201578776,0.593629150390625,0.638600498437881,0.603287369012833
61.375,0.70731206258138,0.59375732421875,0.635645568370819,0.602374136447906
61.3833333333333,0.704843101501465,0.595663986206055,0.633193641901016,0.604278296232224
61.3916666666667,0.702672627766927,0.596237869262695,0.629433333873749,0.60638439655304
61.4,0.700210113525391,0.596682052612305,0.642886072397232,0.609448105096817
61.4083333333333,0.697629674275716,0.595221252441406,0.641172409057617,0.606515944004059
61.4166666666667,0.695042584737142,0.592482986450195,0.641434103250504,0.596137851476669
61.425,0.692805366516113,0.591365814208984,0.635852426290512,0.596031188964844
61.4333333333333,0.69086296081543,0.590145263671875,0.631224155426025,0.599056929349899
61.4416666666667,0.688762194315592,0.588896102905273,0.637312293052673,0.597086310386658
61.45,0.687035344441732,0.587856674194336,0.63504746556282,0.596360921859741
61.4583333333333,0.685382944742839,0.586443176269531,0.637932777404785,0.602467447519302
61.4666666666667,0.683725268046061,0.584862594604492,0.632376253604889,0.603698074817657
61.475,0.682011311848958,0.583641891479492,0.631679266691208,0.601263523101807
61.4833333333333,0.680203272501628,0.582588043212891,0.642840623855591,0.606349736452103
61.4916666666667,0.678231048583984,0.580644454956055,0.639060586690903,0.605396121740341
61.5,0.676526311238607,0.578578109741211,0.635256171226501,0.58968722820282
61.5083333333333,0.67504638671875,0.576272583007812,0.632967382669449,0.609937816858292
61.5166666666667,0.673980153401693,0.573829956054688,0.638798654079437,0.605170696973801
61.525,0.672726198832194,0.571548309326172,0.645469635725021,0.599805384874344
61.5333333333333,0.671540044148763,0.569160995483398,0.636300086975098,0.604284763336182
61.5416666666667,0.669912592569987,0.566848449707031,0.63390702009201,0.603072643280029
61.55,0.668442726135254,0.564947662353516,0.64313679933548,0.603418678045273
61.5583333333333,0.666829477945964,0.562531509399414,0.634748458862305,0.594882845878601
61.5666666666667,0.665085067749023,0.561075973510742,0.637468874454498,0.604233831167221
61.575,0.663967094421387,0.559729843139648,0.641549855470657,0.604606300592422
61.5833333333333,0.662759348551432,0.557553253173828,0.643941909074783,0.601576447486877
61.5916666666667,0.661546363830566,0.555640182495117,0.632247030735016,0.60633659362793
61.6,0.660213877360026,0.554347534179688,0.63540256023407,0.59653377532959
61.6083333333333,0.658785171508789,0.553041305541992,0.652746975421906,0.643190264701843
61.6166666666667,0.657307624816895,0.551648864746094,0.67645537853241,0.667310386896133
61.625,0.655905736287435,0.550553817749023,0.686103463172913,0.681534647941589
61.6333333333333,0.654455922444661,0.549856109619141,0.694621920585632,0.69159260392189
61.6416666666667,0.653291498819987,0.548574600219726,0.699826002120972,0.702495396137238
61.65,0.651777979532878,0.548024444580078,0.703474313020706,0.683690071105957
61.6583333333333,0.650429178873698,0.547047653198242,0.698922395706177,0.702972859144211
61.6666666666667,0.648903884887695,0.545709686279297,0.696884304285049,0.700706034898758
61.675,0.647982139587402,0.544131927490234,0.698762178421021,0.702057301998138
61.6833333333333,0.647982139587402,0.544131927490234,0.692581415176392,0.690821498632431
61.6916666666667,0.646844902038574,0.542646331787109,0.710848331451416,0.696592956781387
61.7,0.644029986063639,0.541127090454102,0.696651458740234,0.700197517871857
61.7083333333333,0.641854006449382,0.539552764892578,0.700463533401489,0.687211155891418
61.7166666666667,0.641024996439616,0.539397964477539,0.695080071687698,0.697921186685562
61.725,0.640142211914063,0.538698348999023,0.696260303258896,0.692032933235168
61.7333333333333,0.639128774007161,0.537774124145508,0.704729288816452,0.699522227048874
61.7416666666667,0.639128774007161,0.537774124145508,0.699473291635513,0.697263658046722
61.75,0.638153826395671,0.536468124389648,0.699947118759155,0.700573652982712
61.7583333333333,0.637025413513184,0.536716918945312,0.697195887565613,0.697386682033539
61.7666666666667,0.634896608988444,0.537979354858398,0.695775359869003,0.682672530412674
61.775,0.633069051106771,0.537831420898437,0.704933643341064,0.696955889463425
61.7833333333333,0.631673138936361,0.537793426513672,0.699715703725815,0.701465606689453
61.7916666666667,0.63071408589681,0.537842559814453,0.706960052251816,0.698240280151367
61.8,0.630014953613281,0.537414855957031,0.706182897090912,0.69864284992218
61.8083333333333,0.630014953613281,0.537414855957031,0.696226924657822,0.698467701673508
61.8166666666667,0.629325485229492,0.536210556030273,0.702891170978546,0.698711276054382
61.825,0.628756230672201,0.534649505615234,0.70445641875267,0.705692678689957
61.8333333333333,0.628061904907227,0.533337631225586,0.704744338989258,0.703863888978958
61.8416666666667,0.627416051228841,0.532462997436523,0.739552557468414,0.73030886054039
61.85,0.626766026814779,0.531863708496094,0.771748572587967,0.745950222015381
61.8583333333333,0.626278762817383,0.531754837036133,0.753265410661697,0.76783886551857
61.8666666666667,0.625965372721354,0.531836471557617,0.745247662067413,0.762708067893982
61.875,0.625965372721354,0.531836471557617,0.733842194080353,0.77143406867981
61.8833333333333,0.625973065694173,0.53196418762207,0.742943584918976,0.772526443004608
61.8916666666667,0.625954411824544,0.532222137451172,0.789576143026352,0.753959953784943
61.9,0.626206258138021,0.532928085327148,0.785304188728333,0.755943387746811
61.9083333333333,0.626345405578613,0.533804092407226,0.78413712978363,0.754583030939102
61.9166666666667,0.626298116048177,0.534803009033203,0.775510370731354,0.750692874193192
61.925,0.626298116048177,0.534803009033203,0.782591044902802,0.757631331682205
61.9333333333333,0.626340510050456,0.536385269165039,0.790100306272507,0.758196800947189
61.9416666666667,0.626659456888835,0.537813186645508,0.786857306957245,0.76086351275444
61.95,0.6271515528361,0.539408798217773,0.792009562253952,0.759492784738541
61.9583333333333,0.627577959696452,0.540880966186523,0.789426892995834,0.756018072366714
61.9666666666667,0.627875938415527,0.542630233764648,0.784191370010376,0.757484406232834
61.975,0.628248774210612,0.545140075683594,0.779226243495941,0.754539012908936
61.9833333333333,0.628705457051595,0.546388626098633,0.782291203737259,0.74880063533783
61.9916666666667,0.629149754842122,0.547690353393555,0.781207889318466,0.748351186513901
62,0.629149754842122,0.547690353393555,0.782944619655609,0.753790587186813
62.0083333333333,0.629636001586914,0.549262924194336,0.758757770061493,0.722345560789108
62.0166666666667,0.631055399576823,0.551398086547852,0.70263347029686,0.645556032657623
62.025,0.632282498677572,0.551495742797852,0.665118366479874,0.612620919942856
62.0333333333333,0.633470840454102,0.550515213012695,0.65436202287674,0.576796531677246
62.0416666666667,0.634470710754395,0.550222473144531,0.638609200716019,0.574606776237488
62.05,0.635501225789388,0.550015487670898,0.645011007785797,0.5761898458004
62.0583333333333,0.636599324544271,0.550140380859375,0.653526127338409,0.59209480881691
62.0666666666667,0.637311426798503,0.550793533325195,0.64812770485878,0.584177434444427
62.075,0.637809422810872,0.551067428588867,0.651288419961929,0.580345183610916
62.0833333333333,0.638348948160807,0.551300430297852,0.652534931898117,0.586607068777084
62.0916666666667,0.638348948160807,0.551300430297852,0.648779422044754,0.592117875814438
62.1,0.638825391133626,0.550859680175781,0.645456880331039,0.59195876121521
62.1083333333333,0.639447733561198,0.551050720214844,0.646592050790787,0.590195327997208
62.1166666666667,0.639796396891276,0.550979385375977,0.642405271530151,0.585549712181091
62.125,0.640162874857585,0.550750885009766,0.65117621421814,0.58475449681282
62.1333333333333,0.640463205973307,0.550144805908203,0.647772938013077,0.585272759199142
62.1416666666667,0.640858484903971,0.549652633666992,0.653003305196762,0.586591720581055
62.15,0.641346842447917,0.549115600585937,0.64105898141861,0.584045350551605
62.1583333333333,0.641796213785807,0.548742523193359,0.650535047054291,0.580910831689835
62.1666666666667,0.642047017415365,0.548115158081055,0.644356787204742,0.588021457195282
62.175,0.642488161722819,0.547737350463867,0.64363169670105,0.5923171043396
62.1833333333333,0.642627271016439,0.547087173461914,0.649841785430908,0.57929927110672
62.1916666666667,0.6429052734375,0.546334533691406,0.639963537454605,0.588929206132889
62.2,0.6429052734375,0.546334533691406,0.636833399534225,0.591756492853165
62.2083333333333,0.643038101196289,0.545684509277344,0.654341280460358,0.577033936977386
62.2166666666667,0.643226814270019,0.545150833129883,0.647793412208557,0.581367045640945
62.225,0.643543472290039,0.544746856689453,0.645433813333511,0.585496872663498
62.2333333333333,0.643749160766602,0.543705749511719,0.64343649148941,0.586295366287231
62.2416666666667,0.64396125793457,0.542770080566406,0.644430786371231,0.580173075199127
62.25,0.644271799723307,0.542153167724609,0.638136565685272,0.586952179670334
62.2583333333333,0.644506963094076,0.541730880737305,0.640614598989487,0.587120473384857
62.2666666666667,0.644913330078125,0.54134162902832,0.650611072778702,0.579885184764862
62.275,0.645164604187012,0.540751266479492,0.642861217260361,0.581651449203491
62.2833333333333,0.645521608988444,0.539859848022461,0.65204519033432,0.57998189330101
62.2916666666667,0.645726114908854,0.539003753662109,0.639339625835419,0.584560871124268
62.3,0.645957845052083,0.538041381835938,0.644307196140289,0.526185721158981
62.3083333333333,0.646094589233398,0.537191925048828,0.665307730436325,0.455871373414993
62.3166666666667,0.646094589233398,0.537191925048828,0.691468834877014,0.416164264082909
62.325,0.6461705271403,0.536465225219727,0.684850931167603,0.422593295574188
62.3333333333333,0.646293080647786,0.536069564819336,0.683088034391403,0.425029456615448
62.3416666666667,0.646463139851888,0.535950012207031,0.678593814373016,0.431970179080963
62.35,0.646739629109701,0.536003646850586,0.689295023679733,0.435982391238213
62.3583333333333,0.646754608154297,0.536038284301758,0.686918467283249,0.442957744002342
62.3666666666667,0.646794217427572,0.536304473876953,0.691314458847046,0.432087272405624
62.375,0.646918156941732,0.536519927978516,0.68214076757431,0.436811745166779
62.3833333333333,0.646758664449056,0.536631698608398,0.693701028823853,0.431391909718513
62.3916666666667,0.646680679321289,0.536838150024414,0.691818952560425,0.432582885026932
62.4,0.64625742594401,0.533594512939453,0.694328427314758,0.440388292074203
62.4083333333333,0.645950571695963,0.534817428588867,0.690293669700623,0.438467517495155
62.4166666666667,0.64600331624349,0.535226898193359,0.686596721410751,0.435313418507576
62.425,0.646131629943848,0.535868530273438,0.689525783061981,0.44216200709343
62.4333333333333,0.646013018290202,0.536259536743164,0.692986845970154,0.433206513524055
62.4416666666667,0.64607551574707,0.536325607299805,0.693336993455887,0.43533843755722
62.45,0.646220944722493,0.536742553710937,0.684193968772888,0.439522385597229
62.4583333333333,0.646403999328613,0.536311645507813,0.701160550117493,0.425316214561462
62.4666666666667,0.646570002237956,0.535753173828125,0.700029879808426,0.43258698284626
62.475,0.646808369954427,0.53550407409668,0.687651813030243,0.440570741891861
62.4833333333333,0.647146924336751,0.535055770874023,0.681964129209518,0.437941506505013
62.4916666666667,0.647585652669271,0.533990859985352,0.684924155473709,0.440064311027527
62.5,0.647748463948568,0.533418273925781,0.702448517084122,0.446941509842873
62.5083333333333,0.647796440124512,0.533422317504883,0.69509282708168,0.436680749058723
62.5166666666667,0.647629267374674,0.5331201171875,0.706626027822495,0.44583785533905
62.525,0.64757937113444,0.532468032836914,0.685819685459137,0.439465761184692
62.5333333333333,0.647667910257975,0.531342239379883,0.672239571809769,0.453024923801422
62.5416666666667,0.647649841308594,0.529698867797852,0.698966801166534,0.446015059947968
62.55,0.647686614990234,0.528049850463867,0.685403615236282,0.432895988225937
62.5583333333333,0.647689743041992,0.52626594543457,0.681184321641922,0.431330472230911
62.5666666666667,0.647817916870117,0.524710540771484,0.6743243932724,0.440046712756157
62.575,0.647707188924154,0.523269653320312,0.687107801437378,0.439622431993484
62.5833333333333,0.647436243693034,0.522184600830078,0.639804065227509,0.432873204350471
62.5916666666667,0.647436243693034,0.522184600830078,0.635517507791519,0.419454529881477
62.6,0.647104237874349,0.521027221679688,NaN,NaN
62.6083333333333,0.646750335693359,0.519548263549805,NaN,NaN
62.6166666666667,0.646002731323242,0.518509826660156,NaN,NaN
62.625,0.645558001200358,0.516646194458008,NaN,NaN
62.6333333333333,0.645106620788574,0.514072036743164,NaN,NaN
62.6416666666667,0.644964307149251,0.510821151733398,NaN,NaN
62.65,0.64466423034668,0.508072967529297,NaN,NaN
62.6583333333333,0.644101816813151,0.506249694824219,NaN,NaN
62.6666666666667,0.643617515563965,0.50498291015625,NaN,NaN
62.675,0.643709653218587,0.5032470703125,NaN,NaN
62.6833333333333,0.643730112711589,0.500645294189453,NaN,NaN
62.6916666666667,0.643778483072917,0.498264846801758,NaN,NaN
62.7,0.64390069325765,0.494640655517578,NaN,NaN
62.7083333333333,0.644358215332031,0.491265335083008,NaN,NaN
62.7166666666667,0.644667154947917,0.488798828125,NaN,NaN
62.725,0.645070063273112,0.486690216064453,NaN,NaN
62.7333333333333,0.645355695088704,0.484417724609375,NaN,NaN
62.7416666666667,0.645620447794596,0.482053680419922,NaN,NaN
62.75,0.645620447794596,0.482053680419922,NaN,NaN
62.7583333333333,0.645279362996419,0.480281600952148,NaN,NaN
62.7666666666667,0.645479787190755,0.478767547607422,NaN,NaN
62.775,0.645918579101562,0.476634979248047,NaN,NaN
62.7833333333333,0.64655574798584,0.474306564331055,NaN,NaN
62.7916666666667,0.647392501831055,0.471834182739258,NaN,NaN
62.8,0.648256454467773,0.469361038208008,NaN,NaN
62.8083333333333,0.648996047973633,0.467575073242188,NaN,NaN
62.8166666666667,0.649714787801107,0.465471572875977,NaN,NaN
62.825,0.65043581644694,0.464049301147461,NaN,NaN
62.8333333333333,0.651045913696289,0.462492370605469,NaN,NaN
62.8416666666667,0.651644388834635,0.460715866088867,NaN,NaN
62.85,0.652075805664063,0.460062637329102,NaN,NaN
62.8583333333333,0.652372029622396,0.4594189453125,NaN,NaN
62.8666666666667,0.652709426879883,0.458825302124023,NaN,NaN
62.875,0.652965494791667,0.458095321655273,NaN,NaN
62.8833333333333,0.653215268452962,0.45736328125,NaN,NaN
62.8916666666667,0.653560663859049,0.457168273925781,NaN,NaN
62.9,0.653930206298828,0.456857376098633,NaN,NaN
62.9083333333333,0.65402286529541,0.457075042724609,NaN,NaN
62.9166666666667,0.653979008992513,0.457039260864258,NaN,NaN
62.925,0.653729731241862,0.45760368347168,NaN,NaN
62.9333333333333,0.653729731241862,0.45760368347168,NaN,NaN
62.9416666666667,0.653659070332845,0.458413696289062,NaN,NaN
62.95,0.653617006937663,0.459779281616211,NaN,NaN
62.9583333333333,0.654360987345378,0.462064743041992,NaN,NaN
62.9666666666667,0.653624216715495,0.462717971801758,NaN,NaN
62.975,0.653316535949707,0.460108642578125,NaN,NaN
62.9833333333333,0.653453941345215,0.457753753662109,NaN,NaN
62.9916666666667,0.655183385213216,0.45786003112793,NaN,NaN
63,0.655037015279134,0.460826187133789,NaN,NaN
63.0083333333333,0.654198099772135,0.46437141418457,NaN,NaN
63.0166666666667,0.653720906575521,0.466247406005859,NaN,NaN
63.025,0.65352294921875,0.467422409057617,NaN,NaN
63.0333333333333,0.653454386393229,0.467829360961914,NaN,NaN
63.0416666666667,0.653454386393229,0.467829360961914,NaN,NaN
63.05,0.653376948038737,0.468170623779297,NaN,NaN
63.0583333333333,0.653061955769857,0.468149871826172,NaN,NaN
63.0666666666667,0.65287228902181,0.468517837524414,NaN,NaN
63.075,0.652661819458008,0.468778915405273,NaN,NaN
63.0833333333333,0.652513758341471,0.469072799682617,NaN,NaN
63.0916666666667,0.652376378377279,0.469061584472656,NaN,NaN
63.1,0.65234369913737,0.469331588745117,NaN,NaN
63.1083333333333,0.652264734903971,0.469327239990234,NaN,NaN
63.1166666666667,0.652374445597331,0.469321517944336,NaN,NaN
63.125,0.652432479858398,0.469202270507812,NaN,NaN
63.1333333333333,0.652467676798503,0.468767623901367,NaN,NaN
63.1416666666667,0.652647959391276,0.468110504150391,NaN,NaN
63.15,0.65272211710612,0.467949829101562,NaN,NaN
63.1583333333333,0.652836278279622,0.467823944091797,NaN,NaN
63.1666666666667,0.652982571919759,0.466521224975586,NaN,NaN
63.175,0.652932548522949,0.466027221679687,NaN,NaN
63.1833333333333,0.653131586710612,0.46563102722168,NaN,NaN
63.1916666666667,0.653002281188965,0.465505294799805,NaN,NaN
63.2,0.653058662414551,0.464221496582031,NaN,NaN
63.2083333333333,0.653091506958008,0.46265510559082,NaN,NaN
63.2166666666667,0.653312657674154,0.46161376953125,NaN,NaN
63.225,0.653349482218424,0.460701599121094,NaN,NaN
63.2333333333333,0.653332722981771,0.459681091308594,NaN,NaN
63.2416666666667,0.653449350992839,0.458591766357422,NaN,NaN
63.25,0.653472455342611,0.457818450927734,NaN,NaN
63.2583333333333,0.653672866821289,0.457239990234375,NaN,NaN
63.2666666666667,0.654066022237142,0.45624755859375,0.659689754247665,0.575167924165726
63.275,0.65426030476888,0.455983352661133,0.66388264298439,0.578240811824799
63.2833333333333,0.654387321472168,0.45470817565918,0.659103959798813,0.577644824981689
63.2916666666667,0.654634081522624,0.453180694580078,0.654494851827621,0.576639771461487
63.3,0.65488821665446,0.451373062133789,0.660341322422028,0.577643603086472
63.3083333333333,0.655044911702474,0.449698944091797,0.650296539068222,0.575961351394653
63.3166666666667,0.655234387715658,0.44807487487793,0.664087176322937,0.574926167726517
63.325,0.655354537963867,0.446590270996094,0.658655315637589,0.570319324731827
63.3333333333333,0.655464007059733,0.445436248779297,0.654687494039536,0.577266961336136
63.3416666666667,0.655601946512858,0.444122314453125,0.661175429821014,0.574260830879211
63.35,0.655711555480957,0.443827056884766,0.658318877220154,0.578486651182175
63.3583333333333,0.656024360656738,0.442455062866211,0.665325820446014,0.58820253610611
63.3666666666667,0.656555455525716,0.441467056274414,0.651895374059677,0.576855450868607
63.375,0.656719093322754,0.439621124267578,0.656041443347931,0.57453116774559
63.3833333333333,0.65700439453125,0.437049942016602,0.651315331459045,0.571042418479919
63.3916666666667,0.657200991312663,0.435516510009766,0.653751373291016,0.580315798521042
63.4,0.657436040242513,0.43423095703125,0.654840975999832,0.571402728557587
63.4083333333333,0.657658487955729,0.433157958984375,0.660416305065155,0.575474858283997
63.4166666666667,0.657953758239746,0.432833251953125,0.661857903003693,0.574258357286453
63.425,0.65813471476237,0.432150650024414,0.656084090471268,0.573160290718079
63.4333333333333,0.658264935811361,0.432518920898437,0.653666168451309,0.56834551692009
63.4416666666667,0.658467191060384,0.432433242797852,0.659740567207336,0.580897450447083
63.45,0.658710123697917,0.432119216918945,0.657993823289871,0.580035418272018
63.4583333333333,0.659019037882487,0.431576690673828,0.657342106103897,0.571794837713242
63.4666666666667,0.659185333251953,0.431045379638672,0.66301703453064,0.572298854589462
63.475,0.659567756652832,0.430481262207031,0.670934915542603,0.507712140679359
63.4833333333333,0.659818115234375,0.429556579589844,0.680325210094452,0.446348711848259
63.4916666666667,0.660145543416341,0.428786849975586,0.675957530736923,0.42160664498806
63.5,0.660626475016276,0.427976608276367,0.692099213600159,0.420530304312706
63.5083333333333,0.661045176188151,0.427287979125977,0.685152918100357,0.423189654946327
63.5166666666667,0.66152712504069,0.426598205566406,0.68508169054985,0.432564288377762
63.525,0.66197945912679,0.425733947753906,0.684729844331741,0.426970556378365
63.5333333333333,0.662264734903971,0.425180206298828,0.682421714067459,0.430186778306961
63.5416666666667,0.662600135803223,0.424854965209961,0.681694775819778,0.42990306019783
63.55,0.662810961405436,0.424476165771484,0.687891155481339,0.432917714118958
63.5583333333333,0.662969741821289,0.423583755493164,0.691731959581375,0.415865555405617
63.5666666666667,0.663083674112956,0.42349609375,0.686936616897583,0.418755128979683
63.575,0.663343175252279,0.423641891479492,0.687291234731674,0.426452353596687
63.5833333333333,0.663607762654622,0.423235397338867,0.680873692035675,0.426709115505219
63.5916666666667,0.664701487223307,0.420089569091797,0.682268798351288,0.429493352770805
63.6,0.664447822570801,0.416630859375,0.686718195676804,0.436936810612679
63.6083333333333,0.66463508605957,0.413442077636719,0.69603106379509,0.42038457095623
63.6166666666667,0.664932556152344,0.412138748168945,0.684657633304596,0.42693991959095
63.625,0.665260950724284,0.411235809326172,0.688862234354019,0.419920295476913
63.6333333333333,0.665465698242187,0.410726776123047,0.681638598442078,0.430775731801987
63.6416666666667,0.665697453816732,0.410021896362305,0.693998426198959,0.421149492263794
63.65,0.66602653503418,0.410078201293945,0.689810812473297,0.428919494152069
63.6583333333333,0.666277809143066,0.4099609375,0.678458750247955,0.42837855219841
63.6666666666667,0.666386082967122,0.410068435668945,0.686938494443893,0.430770486593246
63.675,0.666581115722656,0.409675674438477,0.684794127941132,0.423568651080132
63.6833333333333,0.666637013753255,0.409499435424805,0.684411138296127,0.424982815980911
63.6916666666667,0.666736729939779,0.409317169189453,0.692620843648911,0.420569285750389
63.7,0.666897430419922,0.409181442260742,0.685594439506531,0.433351695537567
63.7083333333333,0.667013956705729,0.408916168212891,0.687478631734848,0.431597962975502
63.7166666666667,0.66713628133138,0.408314590454102,0.683799773454666,0.425472900271416
63.725,0.667291310628255,0.407894592285156,0.687949955463409,0.423263147473335
63.7333333333333,0.66744561513265,0.407579193115234,0.688523650169373,0.426712110638618
63.7416666666667,0.66766242980957,0.406819915771484,0.684870988130569,0.426831230521202
63.75,0.667817242940267,0.406196670532227,0.684503704309464,0.428305715322495
63.7583333333333,0.667990557352702,0.405091934204102,0.67914080619812,0.436378061771393
63.7666666666667,0.668152008056641,0.404464950561523,0.687001734972,0.426717400550842
63.775,0.668412246704102,0.403694534301758,0.689843267202377,0.435862153768539
63.7833333333333,0.668959325154622,0.403273162841797,0.686089605093002,0.497632727026939
63.7916666666667,0.669449106852213,0.402848281860352,0.683929979801178,0.533845663070679
63.8,0.670262222290039,0.401648025512695,0.675265491008759,0.557965695858002
63.8083333333333,0.670963948567708,0.400894775390625,0.683541297912598,0.586454212665558
63.8166666666667,0.671562245686849,0.399628448486328,0.686462193727493,0.579989790916443
63.825,0.672271118164062,0.398625411987305,0.678470551967621,0.580384343862534
63.8333333333333,0.672851524353027,0.397490921020508,0.679160714149475,0.571764141321182
63.8416666666667,0.673584009806315,0.396423568725586,0.68327659368515,0.581959038972855
63.85,0.674398028055827,0.395778884887695,0.681760936975479,0.579202830791473
63.8583333333333,0.675216395060221,0.39508674621582,0.684017896652222,0.574397712945938
63.8666666666667,0.675953063964844,0.393718872070313,0.68257212638855,0.576237380504608
63.875,0.67675282796224,0.392310943603516,0.674136191606522,0.578094124794006
63.8833333333333,0.677369384765625,0.39140380859375,0.691047847270966,0.583048462867737
63.8916666666667,0.678000310262044,0.391211929321289,0.676161706447601,0.577325075864792
63.9,0.678806088765462,0.391211013793945,0.68177992105484,0.57629856467247
63.9083333333333,0.679775098164876,0.391363677978516,0.686117440462112,0.583666771650314
63.9166666666667,0.680651054382324,0.390919189453125,0.67981880903244,0.589496433734894
63.925,0.681635615030925,0.390817947387695,0.6784687936306,0.588160961866379
63.9333333333333,0.682823613484701,0.390146942138672,0.677428901195526,0.580306321382523
63.9416666666667,0.684092661539714,0.389384994506836,0.673489332199097,0.577725887298584
63.95,0.685621910095215,0.388167343139648,0.683987885713577,0.580003708600998
63.9583333333333,0.68690013885498,0.387048950195312,0.674698650836945,0.585193157196045
63.9666666666667,0.689517962137858,0.386932601928711,0.67933201789856,0.5829037129879
63.975,0.692667427062988,0.388060531616211,0.679008930921555,0.585313707590103
63.9833333333333,0.694520937601725,0.389402313232422,0.676988035440445,0.581267207860947
63.9916666666667,0.695827102661133,0.390773544311523,0.679910689592361,0.580169051885605
64,0.697320340474447,0.391532363891602,0.681236326694489,0.582707494497299
64.0083333333333,0.698785031636556,0.392190704345703,0.680010676383972,0.582185864448547
64.0166666666667,0.700561892191569,0.391742553710937,0.677958190441132,0.576637625694275
64.025,0.702468643188477,0.391357727050781,0.67780664563179,0.575121581554413
64.0333333333333,0.704374694824219,0.391687698364258,0.683890551328659,0.586491197347641
64.0416666666667,0.706891326904297,0.392243347167969,0.722773134708405,0.545217305421829
64.05,0.709001083374023,0.393397369384766,0.74909445643425,0.503216817975044
64.0583333333333,0.711363906860352,0.394837265014648,0.756117582321167,0.496972769498825
64.0666666666667,0.713993937174479,0.396160583496094,0.76083767414093,0.488661557435989
64.075,0.716682510375977,0.39725456237793,0.759600609540939,0.489134594798088
64.0833333333333,0.719036051432292,0.398645172119141,0.762858122587204,0.496855899691582
64.0916666666667,0.721587575276693,0.399543228149414,0.760479122400284,0.493574097752571
64.1,0.724276809692383,0.400444869995117,0.764201641082764,0.491980910301208
64.1083333333333,0.726685028076172,0.401474380493164,0.763615101575851,0.493010669946671
64.1166666666667,0.729565277099609,0.402822723388672,0.765038669109344,0.491142079234123
64.125,0.732591908772786,0.403780364990234,0.765375196933746,0.492398172616959
64.1333333333333,0.736385142008464,0.404402694702148,0.762242496013641,0.492009654641151
64.1416666666667,0.739487279256185,0.405370101928711,0.758116006851196,0.495311841368675
64.15,0.741951166788737,0.40638542175293,0.760696977376938,0.502958089113235
64.1583333333333,0.744885101318359,0.40669059753418,0.771602153778076,0.488850027322769
64.1666666666667,0.747806599934896,0.406869125366211,0.773447275161743,0.4901133030653
64.175,0.750092366536458,0.407511749267578,0.762099146842957,0.500266909599304
64.1833333333333,0.752318471272786,0.408467636108398,0.759397715330124,0.492513090372086
64.1916666666667,0.75454823811849,0.409559173583984,0.766352772712708,0.487987250089645
64.2,0.756982676188151,0.411526031494141,0.759667247533798,0.49846550822258
64.2083333333333,0.758883005777995,0.414234237670898,0.76289638876915,0.491651549935341
64.2166666666667,0.760529225667318,0.415871810913086,0.761512964963913,0.500496655702591
64.225,0.761746826171875,0.418467178344727,0.766974031925201,0.489772409200668
64.2333333333333,0.761746826171875,0.418467178344727,0.767663806676865,0.498471111059189
64.2416666666667,0.763406066894531,0.418244552612305,0.761050283908844,0.498102694749832
64.25,0.764772084554036,0.418421249389648,0.764406651258469,0.496695056557655
64.2583333333333,0.766097920735677,0.418205184936523,0.765652537345886,0.493343397974968
64.2666666666667,0.767810668945313,0.417150955200195,0.765977561473846,0.500516340136528
64.275,0.769088312784831,0.417192993164063,0.764594167470932,0.4944669008255
64.2833333333333,0.769803924560547,0.417505645751953,0.769798457622528,0.494859591126442
64.2916666666667,0.770591735839844,0.417185821533203,0.759677469730377,0.499292686581612
64.3,0.771306533813477,0.416806411743164,0.76708772778511,0.499649912118912
64.3083333333333,0.771918233235677,0.415956268310547,0.770104914903641,0.489046737551689
64.3166666666667,0.772423909505208,0.415576400756836,0.764581114053726,0.49568709731102
64.325,0.77298589070638,0.414948425292969,0.763668954372406,0.488230243325233
64.3333333333333,0.773192596435547,0.414836120605469,0.766022354364395,0.503865852952003
64.3416666666667,0.773410288492839,0.414570541381836,0.766508787870407,0.500901103019714
64.35,0.773668060302734,0.414262313842774,0.757167339324951,0.50300544500351
64.3583333333333,0.77443115234375,0.413356475830078,0.771202981472015,0.489287674427032
64.3666666666667,0.774538269042969,0.413161239624023,0.766244947910309,0.496937766671181
64.375,0.774668324788411,0.413219985961914,0.767311364412308,0.499570965766907
64.3833333333333,0.774671529134115,0.412307739257812,0.765016674995422,0.495856359601021
64.3916666666667,0.774732360839844,0.411447906494141,0.770439654588699,0.496080696582794
64.4,0.774704182942708,0.410070266723633,0.769878000020981,0.492664843797684
64.4083333333333,0.774397583007812,0.409714660644531,0.772472500801086,0.497851371765137
64.4166666666667,0.774073308308919,0.409100646972656,0.772163540124893,0.490118533372879
64.425,0.773694254557292,0.408318939208984,0.768878102302551,0.494149208068848
64.4333333333333,0.773342844645182,0.407695236206055,0.765601515769958,0.501441434025764
64.4416666666667,0.773084513346354,0.407401580810547,0.760399997234344,0.493954449892044
64.45,0.772571818033854,0.407140350341797,0.767851442098618,0.500599265098572
64.4583333333333,0.772254994710286,0.406656265258789,0.76040330529213,0.502546072006226
64.4666666666667,0.77186403910319,0.406271057128906,0.764946192502975,0.49179682135582
64.475,0.771728973388672,0.405736389160156,0.760361224412918,0.490355655550957
64.4833333333333,0.771338907877604,0.405699768066406,0.765196263790131,0.493926629424095
64.4916666666667,0.770765482584635,0.405873870849609,0.765650659799576,0.494522035121918
64.5,0.770551172892253,0.405429306030273,0.768519103527069,0.500162169337273
64.5083333333333,0.77004384358724,0.405337066650391,0.765987366437912,0.495809569954872
64.5166666666667,0.769775594075521,0.40528434753418,0.762861788272858,0.498668178915977
64.525,0.769535929361979,0.405055999755859,0.771321028470993,0.501670673489571
64.5333333333333,0.769097035725911,0.405034103393555,0.76536551117897,0.501508876681328
64.5416666666667,0.768935216267904,0.406395645141602,0.765277415513992,0.497647345066071
64.55,0.766799672444662,0.411050033569336,0.76613837480545,0.484963327646255
64.5583333333333,0.766480941772461,0.410821304321289,0.763623863458633,0.495778650045395
64.5666666666667,0.766402537027995,0.410600128173828,0.769619524478912,0.490847170352936
64.575,0.768787282307943,0.406935729980469,0.762623071670532,0.499972656369209
64.5833333333333,0.769259490966797,0.407789535522461,0.757965534925461,0.50524927675724
64.5916666666667,0.769347839355469,0.408700332641602,0.767405718564987,0.497190594673157
64.6,0.769404729207357,0.409324569702148,0.765705585479736,0.494041219353676
64.6083333333333,0.769470520019531,0.409693374633789,0.760345429182053,0.492825329303741
64.6166666666667,0.769593607584635,0.410051574707031,0.768041640520096,0.498521953821182
64.625,0.769635874430339,0.410434417724609,0.761404186487198,0.496696084737778
64.6333333333333,0.769607747395833,0.411140823364258,0.774271428585052,0.494056463241577
64.6416666666667,0.769720255533854,0.411828002929687,0.769441485404968,0.495195254683495
64.65,0.769806289672852,0.412341461181641,0.762138932943344,0.500348255038261
64.6583333333333,0.769879557291667,0.41290885925293,0.769559413194656,0.501331567764282
64.6666666666667,0.769879608154297,0.413342361450195,0.765870094299316,0.508479714393616
64.675,0.769900868733724,0.413666839599609,0.776784420013428,0.508136808872223
64.6833333333333,0.769937260945638,0.413780136108398,0.766408056020737,0.510132342576981
64.6916666666667,0.769936014811198,0.41402458190918,0.771495342254639,0.496610417962074
64.7,0.769911448160807,0.4137109375,0.768858939409256,0.491959825158119
64.7083333333333,0.769832433064779,0.414057388305664,0.76727882027626,0.499371871352196
64.7166666666667,0.769762369791667,0.414701919555664,0.771137893199921,0.493340760469437
64.725,0.769727045694987,0.415272064208984,0.767777264118195,0.503921225667
64.7333333333333,0.769772262573242,0.415732574462891,0.768501430749893,0.498193472623825
64.7416666666667,0.769777450561523,0.416320877075195,0.77107697725296,0.504001811146736
64.75,0.769818572998047,0.416747589111328,0.764159113168716,0.497126743197441
64.7583333333333,0.770138092041016,0.417011795043945,0.77153092622757,0.485486730933189
64.7666666666667,0.770461095174154,0.417337646484375,0.77375853061676,0.493845283985138
64.775,0.770682042439779,0.417693023681641,0.773254811763763,0.499068766832352
64.7833333333333,0.770716654459635,0.418051300048828,0.764004945755005,0.500505894422531
64.7916666666667,0.770721206665039,0.418342895507812,0.767136365175247,0.491822332143784
64.8,0.770876871744792,0.41818977355957,0.774962216615677,0.497649684548378
64.8083333333333,0.770778834025065,0.418381042480469,0.77007645368576,0.503077447414398
64.8166666666667,0.770720876057943,0.418444976806641,0.766397297382355,0.495132625102997
64.825,0.770676803588867,0.418580780029297,0.769236624240875,0.494016706943512
64.8333333333333,0.770679016113281,0.418337478637695,0.76790976524353,0.505572527647018
64.8416666666667,0.770577901204427,0.418619384765625,0.76491117477417,0.489223837852478
64.85,0.770635274251302,0.418331756591797,0.764414280653,0.487511962652206
64.8583333333333,0.770633595784505,0.418299713134766,0.771593451499939,0.494017139077187
64.8666666666667,0.770592702229818,0.418333282470703,0.769501924514771,0.485303089022636
64.875,0.770609639485677,0.418321762084961,0.765496134757996,0.500962495803833
64.8833333333333,0.770647481282552,0.418305892944336,0.773855865001678,0.488847270607948
64.8916666666667,0.770854899088542,0.418189239501953,0.7716264128685,0.494855150580406
64.9,0.770936889648437,0.417862243652344,0.766499370336533,0.498879536986351
64.9083333333333,0.770809961954753,0.417773818969727,0.747907012701035,0.483282417058945
64.9166666666667,0.770670827229818,0.417721099853516,0.735202759504318,0.449383601546288
64.925,0.770349782307943,0.417690887451172,0.710573494434357,0.427632212638855
64.9333333333333,0.770075988769531,0.416927185058594,0.698384612798691,0.41815310716629
64.9416666666667,0.769756011962891,0.416693801879883,0.696048468351364,0.423680797219276
64.95,0.76922976175944,0.416775131225586,0.704757422208786,0.427705734968185
64.9583333333333,0.768935292561849,0.416486206054687,0.703492194414139,0.432766169309616
64.9666666666667,0.768356450398763,0.416375274658203,0.702151298522949,0.413363456726074
64.975,0.768356450398763,0.416375274658203,0.701767772436142,0.43439918756485
64.9833333333333,0.767770589192708,0.415648956298828,0.691783338785172,0.433479577302933
64.9916666666667,0.766918233235677,0.415171203613281,0.70149952173233,0.428607821464539
65,0.766038996378581,0.415069427490234,0.699469298124313,0.439219772815704
65.0083333333333,0.765385080973307,0.414503860473633,0.702443569898605,0.423174992203712
65.0166666666667,0.764622217814128,0.41420295715332,0.688658654689789,0.445332914590836
65.025,0.764106419881185,0.413748931884766,0.703714281320572,0.426898673176765
65.0333333333333,0.763653361002604,0.413354721069336,0.704579085111618,0.427479565143585
65.0416666666667,0.762711537679036,0.413694076538086,0.700390636920929,0.430048286914825
65.05,0.761661071777344,0.413038482666016,0.698005884885788,0.439330697059631
65.0583333333333,0.759518915812174,0.410987396240234,0.698663204908371,0.435997143387794
65.0666666666667,0.757975514729818,0.408845672607422,0.703831553459167,0.433580681681633
65.075,0.756668243408203,0.406610336303711,0.699335038661957,0.43899530172348
65.0833333333333,0.755293426513672,0.404816436767578,0.692092627286911,0.437898218631744
65.0916666666667,0.754158986409505,0.402936935424805,0.697052210569382,0.430107027292252
65.1,0.753094635009766,0.400773620605469,0.697473227977753,0.439383208751678
65.1083333333333,0.752045211791992,0.398343963623047,0.709984481334686,0.424118474125862
65.1166666666667,0.750797780354818,0.396415557861328,0.691473335027695,0.432439595460892
65.125,0.749236017862956,0.394966430664062,0.694078266620636,0.43780443072319
65.1333333333333,0.747825063069661,0.392904281616211,0.70489501953125,0.43390217423439
65.1416666666667,0.746031188964844,0.390801467895508,0.693379402160645,0.43378272652626
65.15,0.744239374796549,0.389339599609375,0.701203256845474,0.414481222629547
65.1583333333333,0.742664616902669,0.387291259765625,0.699886560440063,0.430941984057426
65.1666666666667,0.741204223632812,0.384470596313477,0.692808926105499,0.420932576060295
65.175,0.737548065185547,0.382917098999023,0.69077131152153,0.434560388326645
65.1833333333333,0.735681711832682,0.379000549316406,0.698673933744431,0.420581713318825
65.1916666666667,0.734086201985677,0.37640869140625,0.698352098464966,0.438513278961182
65.2,0.732915623982747,0.374104537963867,0.7001873254776,0.420603513717651
65.2083333333333,0.732915623982747,0.374104537963867,0.703756898641586,0.42753940820694
65.2166666666667,0.731631368001302,0.37186393737793,0.694057315587997,0.424477159976959
65.225,0.729937133789063,0.370496826171875,0.698052704334259,0.420014575123787
65.2333333333333,0.728165562947591,0.368254699707031,0.716773360967636,0.402173057198524
65.2416666666667,0.726118469238281,0.366807632446289,0.73051580786705,0.367163226008415
65.25,0.723730926513672,0.365566253662109,0.746918946504593,0.330420434474945
65.2583333333333,0.720792439778646,0.364538116455078,0.758196294307709,0.312347859144211
65.2666666666667,0.718392028808594,0.362908554077148,0.746605426073074,0.319904774427414
65.275,0.716074956258138,0.361083831787109,0.750247836112976,0.304142832756042
65.2833333333333,0.713563690185547,0.360016937255859,0.757024109363556,0.316349163651466
65.2916666666667,0.71162348429362,0.358723297119141,0.744268298149109,0.334587559103966
65.3,0.70924991607666,0.357834091186523,0.746820032596588,0.314440682530403
65.3083333333333,0.70717898050944,0.35663200378418,0.749823540449142,0.319398388266563
65.3166666666667,0.705102132161458,0.35566780090332,0.75503671169281,0.320870473980904
65.325,0.702892214457194,0.355898056030274,0.75127249956131,0.332518890500069
65.3333333333333,0.701129506429036,0.354930419921875,0.754493623971939,0.320317134261131
65.3416666666667,0.699170557657878,0.354299926757813,0.755327552556992,0.322743281722069
65.35,0.697507565816244,0.353641204833984,0.750978499650955,0.318882286548615
65.3583333333333,0.696113560994466,0.352932586669922,0.754975736141205,0.323000177741051
65.3666666666667,0.694575525919596,0.352173385620117,0.750748008489609,0.321133896708488
65.375,0.693054326375325,0.352235488891602,0.753173142671585,0.321951478719711
65.3833333333333,0.691600151062012,0.351471939086914,0.758991599082947,0.321775704622269
65.3916666666667,0.690224990844727,0.351144332885742,0.761399239301682,0.323851346969604
65.4,0.688876546223958,0.351071243286133,0.750440776348114,0.323616251349449
65.4083333333333,0.687974370320638,0.350670700073242,0.749757409095764,0.328728586435318
65.4166666666667,0.687052714029948,0.350461502075195,0.748854547739029,0.322089925408363
65.425,0.686483980814616,0.350240707397461,0.750676870346069,0.32744163274765
65.4333333333333,0.686025873819987,0.349971466064453,0.755717396736145,0.325043722987175
65.4416666666667,0.685557963053385,0.350074615478516,0.759438812732697,0.320716142654419
65.45,0.685325393676758,0.349978713989258,0.753320783376694,0.325554400682449
65.4583333333333,0.685009638468424,0.350390472412109,0.751012235879898,0.323003381490707
65.4666666666667,0.684587631225586,0.350485000610352,0.754470854997635,0.329292610287666
65.475,0.684139887491862,0.351185455322266,0.754101306200027,0.322593286633492
65.4833333333333,0.683768730163574,0.351933441162109,0.748498320579529,0.331636875867844
65.4916666666667,0.683583768208822,0.352072219848633,0.712433189153671,0.37297560274601
65.5,0.683224983215332,0.352074508666992,0.685232490301132,0.395232930779457
65.5083333333333,0.683113327026367,0.351733703613281,0.675525605678558,0.396551951766014
65.5166666666667,0.683038050333659,0.351052093505859,0.685420483350754,0.403898194432259
65.525,0.682839482625325,0.35033203125,0.68927213549614,0.393636077642441
65.5333333333333,0.682725194295247,0.349917144775391,0.676905363798141,0.396073698997498
65.5416666666667,0.682828725179036,0.349555282592773,0.678394794464111,0.39931845664978
65.55,0.683494911193848,0.350544357299805,0.693244457244873,0.398820251226425
65.5583333333333,0.683734385172526,0.351698379516602,0.688534498214722,0.400049835443497
65.5666666666667,0.683175633748372,0.352743835449219,0.689262598752975,0.391820788383484
65.575,0.682473068237305,0.353745269775391,0.690753817558289,0.401439562439919
65.5833333333333,0.681832733154297,0.354617080688477,0.688572406768799,0.392944559454918
65.5916666666667,0.681207186381022,0.354435501098633,0.680925518274307,0.400438815355301
65.6,0.680896733601888,0.354697723388672,0.686657249927521,0.401212945580482
65.6083333333333,0.680862172444662,0.353902206420898,0.698432773351669,0.394320651888847
65.6166666666667,0.680915934244792,0.353059844970703,0.683309435844421,0.405590295791626
65.625,0.680917154947917,0.352676544189453,0.691914081573486,0.40272057056427
65.6333333333333,0.680972162882487,0.351725463867188,0.688943684101105,0.399024665355682
65.6416666666667,0.681004053751628,0.350743942260742,0.689470201730728,0.397832944989204
65.65,0.681196899414062,0.349855804443359,0.686657100915909,0.401049599051476
65.6583333333333,0.681343892415365,0.348860015869141,0.68194380402565,0.408696189522743
65.6666666666667,0.681446355183919,0.348307952880859,0.679356902837753,0.411594420671463
65.675,0.681375020345052,0.348023147583008,0.679517954587936,0.396316185593605
65.6833333333333,0.681241582234701,0.348424377441406,0.674123018980026,0.399970680475235
65.6916666666667,0.681262512207031,0.348174743652344,0.689750194549561,0.399432227015495
65.7,0.681177151997884,0.347876205444336,0.686036467552185,0.40674963593483
65.7083333333333,0.680978978474935,0.347426681518555,0.684247434139252,0.405079126358032
65.7166666666667,0.681024589538574,0.347283096313477,0.6856310069561,0.40450544655323
65.725,0.681063639322917,0.347940826416016,0.692520409822464,0.398810610175133
65.7333333333333,0.681184438069661,0.348388977050781,0.692861527204514,0.400554373860359
65.7416666666667,0.681173426310221,0.348388366699219,0.689331769943237,0.403393790125847
65.75,0.681167844136556,0.34809326171875,0.684081196784973,0.409321963787079
65.7583333333333,0.681154301961263,0.347584915161133,0.677924931049347,0.406915783882141
65.7666666666667,0.681193351745605,0.345699844360352,0.673276633024216,0.41333281993866
65.775,0.681386006673177,0.344688949584961,0.685137003660202,0.414312541484833
65.7833333333333,0.68175220489502,0.343505477905273,0.694084078073502,0.406887903809547
65.7916666666667,0.681996790568034,0.342259521484375,0.681061595678329,0.412843585014343
65.8,0.682111790974935,0.340518264770508,0.689787656068802,0.413219928741455
65.8083333333333,0.682258834838867,0.339305191040039,0.690491586923599,0.416627764701843
65.8166666666667,0.68231455485026,0.338577194213867,0.684234529733658,0.426726207137108
65.825,0.682542037963867,0.337756652832031,0.687896430492401,0.407537043094635
65.8333333333333,0.682580935160319,0.337079772949219,0.677455544471741,0.412064284086227
65.8416666666667,0.682742385864258,0.337066650390625,0.692945033311844,0.414944410324097
65.85,0.682848409016927,0.336980361938477,0.687033116817474,0.401294589042664
65.8583333333333,0.682798411051432,0.337448348999023,0.686649292707443,0.415977582335472
65.8666666666667,0.682581164042155,0.337890701293945,0.684650123119354,0.409899100661278
65.875,0.682509307861328,0.337848663330078,0.687167555093765,0.407384246587753
65.8833333333333,0.682433878580729,0.337233657836914,0.682973980903625,0.420600935816765
65.8916666666667,0.682372639973958,0.336715774536133,0.69352775812149,0.41009758412838
65.9,0.682177098592122,0.336214141845703,0.682515799999237,0.413930878043175
65.9083333333333,0.682177098592122,0.336214141845703,0.67880716919899,0.414246380329132
65.9166666666667,0.681907666524251,0.336026611328125,0.688638508319855,0.406052023172379
65.925,0.68170783996582,0.335514450073242,0.683376222848892,0.412116929888725
65.9333333333333,0.681753158569336,0.335066452026367,0.686500251293182,0.421811982989311
65.9416666666667,0.681625658671061,0.334853515625,0.68599459528923,0.415144935250282
65.95,0.681330057779948,0.335118942260742,0.682017177343369,0.423566997051239
65.9583333333333,0.681307067871094,0.334341659545898,0.687222808599472,0.406579077243805
65.9666666666667,0.681263046264648,0.33297981262207,0.682671517133713,0.420266434550285
65.975,0.681135457356771,0.332282485961914,0.693013727664948,0.394133493304253
65.9833333333333,0.681172180175781,0.331611328125,0.691885888576508,0.410923823714256
65.9916666666667,0.681294860839844,0.331029815673828,0.685521990060806,0.427947491407394
66,0.681353556315104,0.330703964233398,0.684002548456192,0.422634929418564
66.0083333333333,0.681361859639486,0.330398864746094,0.687469184398651,0.413148298859596
66.0166666666667,0.681207046508789,0.330089111328125,0.687351226806641,0.410776481032372
66.025,0.681170705159505,0.329954605102539,0.687420517206192,0.421789333224297
66.0333333333333,0.681513888041178,0.329136734008789,0.680101543664932,0.401829436421394
66.0416666666667,0.681597023010254,0.328809967041016,0.683179140090942,0.410323098301888
66.05,0.681643702189128,0.328734893798828,0.681975781917572,0.417333841323853
66.0583333333333,0.681528409322103,0.328914337158203,0.682669907808304,0.414472252130508
66.0666666666667,0.681546198527018,0.329047775268555,0.68835175037384,0.406305819749832
66.075,0.68158437093099,0.329191360473633,NaN,NaN
66.0833333333333,0.681705945332845,0.329018707275391,0.738121777772903,0.35575070977211
66.0916666666667,0.681978886922201,0.328714294433594,0.749011099338531,0.333253607153893
66.1,0.682278518676758,0.328782730102539,0.767496556043625,0.331712022423744
66.1083333333333,0.682522404988607,0.328676910400391,0.759326994419098,0.332941278815269
66.1166666666667,0.682895965576172,0.328060531616211,0.75308495759964,0.33134788274765
66.125,0.683978805541992,0.326420669555664,0.752953618764877,0.334825336933136
66.1333333333333,0.683919321695964,0.326078948974609,0.762380063533783,0.329331785440445
66.1416666666667,0.683919321695964,0.326078948974609,0.750923573970795,0.332308053970337
66.15,0.684175898234049,0.325940322875977,0.76270118355751,0.341646552085876
66.1583333333333,0.685277036031087,0.325262832641602,0.757757067680359,0.336281880736351
66.1666666666667,0.685993728637695,0.327296752929688,0.754780381917953,0.338435441255569
66.175,0.685913162231445,0.327211685180664,0.753989428281784,0.340097606182098
66.1833333333333,0.685592956542969,0.327473449707031,0.7558254301548,0.338200405240059
66.1916666666667,0.685294723510742,0.328534851074219,0.765717148780823,0.317588165402412
66.2,0.684994150797526,0.328939819335938,0.760251998901367,0.335054665803909
66.2083333333333,0.684770634969076,0.328665161132813,0.757025361061096,0.328064069151878
66.2166666666667,0.684616533915202,0.328462600708008,0.754619121551514,0.345652893185616
66.225,0.684506568908691,0.328657684326172,0.759964913129807,0.339279860258102
66.2333333333333,0.684420649210612,0.327930679321289,0.758830636739731,0.341919481754303
66.2416666666667,0.684420649210612,0.327930679321289,0.751941561698914,0.338622361421585
66.25,0.684396680196126,0.327205963134766,0.753902763128281,0.329829514026642
66.2583333333333,0.684497578938802,0.326426544189453,0.760904282331467,0.32839897274971
66.2666666666667,0.684649429321289,0.326012954711914,0.747966915369034,0.335529804229736
66.275,0.68467414855957,0.325646667480469,0.72097036242485,0.365622833371162
66.2833333333333,0.684522132873535,0.32560546875,0.706693053245544,0.376536756753922
66.2916666666667,0.684369672139486,0.324282531738281,0.706037998199463,0.385143160820007
66.3,0.684205780029297,0.323235702514648,0.701617002487183,0.380560263991356
66.3083333333333,0.68406857808431,0.321864852905273,0.712807714939117,0.383203029632568
66.3166666666667,0.683753369649251,0.320998687744141,0.702736437320709,0.387039586901665
66.325,0.683753369649251,0.320998687744141,0.70465412735939,0.385247096419334
66.3333333333333,0.683825251261393,0.32018669128418,0.696951746940613,0.397818177938461
66.3416666666667,0.68388365427653,0.319660720825195,0.7044897377491,0.389785796403885
66.35,0.684132843017578,0.318651885986328,0.696000099182129,0.39109268784523
66.3583333333333,0.684575322469075,0.317222137451172,0.706046223640442,0.395311772823334
66.3666666666667,0.685033378601074,0.315558853149414,0.715393126010895,0.373751491308212
66.375,0.68554801940918,0.314123229980469,0.697554707527161,0.385037034749985
66.3833333333333,0.685829060872396,0.312784805297852,0.70330137014389,0.394381910562515
66.3916666666667,0.686087366739909,0.310019226074219,0.704552620649338,0.379160329699516
66.4,0.686454493204753,0.306765441894531,0.710082024335861,0.385272309184074
66.4083333333333,0.686849975585938,0.304640350341797,0.715501606464386,0.388433635234833
66.4166666666667,0.687484359741211,0.302229309082031,0.710763514041901,0.389543786644936
66.425,0.687484359741211,0.302229309082031,0.711124569177628,0.37813712656498
66.4333333333333,0.687968775431315,0.300388793945312,0.70638370513916,0.385894879698753
66.4416666666667,0.688321762084961,0.29926155090332,0.71717181801796,0.382717102766037
66.45,0.688982976277669,0.298108444213867,0.708990901708603,0.381328001618385
66.4583333333333,0.689637196858724,0.297965698242188,0.705188065767288,0.382969915866852
66.4666666666667,0.690267601013184,0.297094345092773,0.704490572214127,0.394415259361267
66.475,0.690910771687826,0.296439208984375,0.708394527435303,0.383503720164299
66.4833333333333,0.691595026652018,0.294855575561523,0.704241663217545,0.395470455288887
66.4916666666667,0.69257453918457,0.292348251342773,0.707956552505493,0.394158959388733
66.5,0.693281911214193,0.291306228637695,0.70768129825592,0.3816829174757
66.5083333333333,0.694419199625651,0.290230712890625,0.70363450050354,0.385265275835991
66.5166666666667,0.695462862650553,0.289699859619141,0.7081258893013,0.385474979877472
66.525,0.695462862650553,0.289699859619141,0.701373547315598,0.382830306887627
66.5333333333333,0.69632074991862,0.289921112060547,0.702050924301147,0.392143234610558
66.5416666666667,0.697211100260417,0.290199203491211,0.710011631250381,0.392337933182716
66.55,0.698955561319987,0.290665130615234,0.707355678081512,0.386437326669693
66.5583333333333,0.70043696085612,0.290115280151367,0.704493999481201,0.388284251093864
66.5666666666667,0.701656138102214,0.288597412109375,0.707695305347443,0.390810742974281
66.575,0.703155924479167,0.287153930664062,0.698984980583191,0.395271822810173
66.5833333333333,0.704834187825521,0.286039123535156,0.70926421880722,0.37228961288929
66.5916666666667,0.706626103719076,0.284510879516602,0.704189598560333,0.391387060284615
66.6,0.708383954366048,0.283986892700195,0.702267169952393,0.391927734017372
66.6083333333333,0.710148277282715,0.283798599243164,0.700788587331772,0.386745825409889
66.6166666666667,0.712017161051432,0.283626556396484,0.702790379524231,0.390196964144707
66.625,0.712017161051432,0.283626556396484,0.699787497520447,0.391776397824287
66.6333333333333,0.713844985961914,0.283901138305664,0.701661229133606,0.379078790545464
66.6416666666667,0.716006291707357,0.284139785766602,0.713579386472702,0.382158130407333
66.65,0.719212010701497,0.285342712402344,0.746009469032288,0.346386611461639
66.6583333333333,0.721860809326172,0.285596694946289,0.756218671798706,0.320294693112373
66.6666666666667,0.72454594930013,0.285021438598633,0.765453904867172,0.301267400383949
66.675,0.727024129231771,0.284538803100586,0.772116780281067,0.294923558831215
66.6833333333333,0.729101435343424,0.285300903320313,0.773362368345261,0.29701991379261
66.6916666666667,0.731527150472005,0.283465728759766,0.773754119873047,0.312490910291672
66.7,0.733679885864258,0.282526702880859,0.772941142320633,0.305081114172935
66.7083333333333,0.733679885864258,0.282526702880859,0.778195798397064,0.31914247572422
66.7166666666667,0.735882873535156,0.280976333618164,0.768674850463867,0.311157420277596
66.725,0.73798095703125,0.280170440673828,0.771738022565842,0.312611967325211
66.7333333333333,0.740677693684896,0.27967658996582,0.769733667373657,0.309114471077919
66.7416666666667,0.743592274983724,0.278002090454102,0.771481841802597,0.315242975950241
66.75,0.746570790608724,0.275048522949219,0.76951789855957,0.310982778668404
66.7583333333333,0.746570790608724,0.275048522949219,0.772159576416016,0.301891401410103
66.7666666666667,0.745844014485677,0.271525802612305,0.76987898349762,0.298286348581314
66.775,0.747900594075521,0.266184005737305,0.771514683961868,0.304538801312447
66.7833333333333,0.750099868774414,0.263175430297852,0.766686320304871,0.305604308843613
66.7916666666667,0.753660074869792,0.259299926757813,0.765521973371506,0.309136882424355
66.8,0.75640380859375,0.257666549682617,0.763554602861404,0.320484280586243
66.8083333333333,0.759136810302734,0.256087875366211,0.769282847642899,0.309354826807976
66.8166666666667,0.761402308146159,0.254067459106445,0.774488091468811,0.304406225681305
66.825,0.763348032633464,0.251913681030273,0.771850228309631,0.296816989779472
66.8333333333333,0.765023498535156,0.249895248413086,0.77105775475502,0.317079126834869
66.8416666666667,0.765023498535156,0.249895248413086,0.770054757595062,0.303712576627731
66.85,0.766606597900391,0.247915725708008,0.761902660131454,0.301151469349861
66.8583333333333,0.768224131266276,0.245634613037109,0.767822414636612,0.309292122721672
66.8666666666667,0.769837010701497,0.243200454711914,0.77859765291214,0.299314692616463
66.875,0.771842854817708,0.239392013549805,0.77031284570694,0.29876634478569
66.8833333333333,0.773614756266276,0.235487518310547,0.766138970851898,0.306450396776199
66.8916666666667,0.773614756266276,0.235487518310547,0.769734919071198,0.29454231262207
66.9,0.77479008992513,0.231876831054687,0.773107409477234,0.297344714403152
66.9083333333333,0.776049499511719,0.229329147338867,0.764598190784454,0.306429490447044
66.9166666666667,0.776922149658203,0.226980133056641,0.779836624860764,0.289780259132385
66.925,0.777779693603516,0.224411392211914,0.767659813165665,0.301744416356087
66.9333333333333,0.778725026448568,0.221577224731445,0.774540692567825,0.294450104236603
66.9416666666667,0.779027150472005,0.220454330444336,0.77856570482254,0.308118939399719
66.95,0.779652430216471,0.217962188720703,0.766434192657471,0.299495384097099
66.9583333333333,0.779652430216471,0.217962188720703,0.773232460021973,0.294757977128029
66.9666666666667,0.779436365763346,0.215832061767578,0.766385644674301,0.294037222862244
66.975,0.779069213867188,0.213969268798828,0.769304841756821,0.296111211180687
66.9833333333333,0.778441060384115,0.212243957519531,0.775668352842331,0.291742250323296
66.9916666666667,0.778185221354167,0.209874725341797,0.773929089307785,0.291186600923538
67,0.77822519938151,0.207350769042969,0.771976292133331,0.302237391471863
67.0083333333333,0.77810048421224,0.205181732177734,0.773240596055984,0.292503580451012
67.0166666666667,0.77810048421224,0.205181732177734,0.767723739147186,0.311041966080666
67.025,0.778011881510417,0.202792663574219,0.772097289562225,0.300874605774879
67.0333333333333,0.777878595987956,0.200816192626953,0.766926676034927,0.297218427062035
67.0416666666667,0.777582397460937,0.19922119140625,0.772474408149719,0.301033481955528
67.05,0.777184906005859,0.197873077392578,0.769702762365341,0.307751759886742
67.0583333333333,0.776698888142904,0.1966650390625,0.769067913293839,0.312755510210991
67.0666666666667,0.776266225179036,0.195330963134766,0.772252023220062,0.303115919232368
67.075,0.776266225179036,0.195330963134766,0.773345232009888,0.302978485822678
67.0833333333333,0.775750325520833,0.193954467773438,0.764183819293976,0.300394207239151
67.0916666666667,0.775325673421224,0.192766571044922,0.764028549194336,0.296764805912971
67.1,0.775103454589844,0.191594696044922,0.761605024337769,0.310593068599701
67.1083333333333,0.774979654947917,0.190018310546875,0.772675633430481,0.312482863664627
67.1166666666667,0.775043538411458,0.188972930908203,0.773457527160645,0.308312997221947
67.125,0.775057703653971,0.188191528320312,0.776654303073883,0.309992656111717
67.1333333333333,0.777397766113281,0.186214447021484,0.772867172956467,0.301619693636894
67.1416666666667,0.777397766113281,0.186214447021484,0.771364033222198,0.308522909879684
67.15,0.780760752360026,0.182587280273438,0.773685306310654,0.304778814315796
67.1583333333333,0.780459849039714,0.184421539306641,0.771544575691223,0.310829594731331
67.1666666666667,0.780246276855469,0.184575042724609,0.771893948316574,0.299110323190689
67.175,0.780045522054036,0.184951019287109,0.770102649927139,0.306847080588341
67.1833333333333,0.779504801432292,0.186239471435547,0.772492557764053,0.304313525557518
67.1916666666667,0.779191309611003,0.185977020263672,0.773812562227249,0.302030667662621
67.2,0.778869450887044,0.186154174804688,0.775431871414185,0.311733037233353
67.2083333333333,0.778869450887044,0.186154174804688,0.756286591291428,0.304114416241646
67.2166666666667,0.778340352376302,0.186613616943359,0.768554836511612,0.317459896206856
67.225,0.778054351806641,0.186318969726562,0.771818429231644,0.306169897317886
67.2333333333333,0.777623901367188,0.187012634277344,0.762328118085861,0.306529328227043
67.2416666666667,0.777202301025391,0.187653045654297,0.769148796796799,0.304438471794128
67.25,0.776965306599935,0.188085327148438,0.765262275934219,0.30729453265667
67.2583333333333,0.776607793172201,0.188090209960938,0.77224013209343,0.308818563818932
67.2666666666667,0.776217269897461,0.188739318847656,0.769522249698639,0.306578367948532
67.275,0.776217269897461,0.188739318847656,0.770009905099869,0.295855715870857
67.2833333333333,0.776046549479167,0.188715667724609,0.774008393287659,0.297167703509331
67.2916666666667,0.775990041097005,0.188391876220703,0.771696865558624,0.298754096031189
67.3,0.776080830891927,0.187864074707031,0.768911510705948,0.313182175159454
67.3083333333333,0.77601084391276,0.188224792480469,0.773077309131622,0.306995078921318
67.3166666666667,0.776017328898112,0.188514099121094,0.769147098064423,0.310516700148582
67.325,0.775997111002604,0.188662567138672,0.771863371133804,0.30684657394886
67.3333333333333,0.775853780110677,0.188796997070312,0.773526966571808,0.310126036405563
67.3416666666667,0.775758107503255,0.188719635009766,0.776428252458572,0.301493495702744
67.35,0.775842666625977,0.188598327636719,0.763001382350922,0.306295022368431
67.3583333333333,0.775840148925781,0.188564300537109,0.772619158029556,0.310143917798996
67.3666666666667,0.776062545776367,0.188215484619141,0.767983943223953,0.300487697124481
67.375,0.776062545776367,0.188215484619141,0.767774224281311,0.306961074471474
